9136
9137
9138
9139
9140
9141
9142
9143
9144
9145
9146
9147
9148
9149
9150
9151
9152
9153
9154
9155
9156
9157
9158
9159
9160
9161
9162
9163
9164
9165
9166
9167
9168
9169
9170
9171
9172
9173
9174
9175
9176
9177
9178
9179
9180
9181
9182
9183
9184
9185
9186
9187
9188
9189
9190
9191
9192
9193
9194
9195
9196
9197
9198
9199
9200
9201
9202
9203
9204
9205
9206
9207
9208
9209
9210
9211
9212
9213
9214
9215
9216
9217
9218
9219
9220
9221
9222
9223
9224
9225
9226
9227
9228
9229
9230
9231
9232
9233
9234
9235
9236
9237
9238
9239
9240
9241
9242
9243
9244
9245
9246
9247
9248
9249
9250
9251
9252
9253
9254
9255
2183 8371 7977 3443 10418 1341 9256 7601 8751
3444
3445
3446
3447
3448
3449
3450
3451
3452
3453
3454
3455
3456
3457
3458
3459
3460
3461
3462
3463
3464
3465
3466
3467
3468
3469
3470
3471
3472
3473
3474
3475
3476
3477
3478
3479
3480
3481
3482
3483
3484
3485
3486
3487
3488
3489
3490
3491
3492
3493
3494
3495
3496
3497
3498
3499
3500
3501
3502
3503
3504
3505
3506
3507
3508
3509
3510
3511
3512
3513
3514
3515
3516
3517
3518
3519
3520
3521
3522
3523
3524
3525
3526
3527
3528
3529
3530
3531
3532
3533
3534
3535
3536
3537
3538
3539
3540
3541
3542
3543
3544
3545
3546
3547
3548
3549
3550
3551
3552
3553
3554
3555
3556
3557
3558
3559
3560
3561
3562
3563
3564
3565
3566
3567
3568
3569
3570
3571
3572
3573
3574
3575
3576
3577
3578
3579
3580
3581
3582
3583
3584
3585
3586
3587
3588
3589
3590
3591
3592
3593
3594
3595
3596
3597
3598
3599
3600
3601
3602
3603
3604
3605
3606
3607
3608
3609
3610
3611
3612
3613
3614
3615
3616
3617
3618
3619
3620
3621
3622
3623
3624
3625
3626
3627
3628
3629
3630
3631
3632
3633
3634
3635
3636
3637
3638
3639
3640
3641
3642
3643
3644
3645
3646
3647
3648
3649
3650
3651
3652
3653
3654
3655
3656
3657
3658
3659
3660
3661
3662
3663
3664
3665
3666
3667
3668
3669
3670
3671
3672
3673
3674
3675
3676
3677
3678
3679
3680
3681
3682
3683
3684
3685
3686
3687
3688
3689
3690
3691
3692
3693
3694
3695
3696
3697
3698
3699
3700
3701
3702
3703
3704
3705
3706
3707
3708
3709
3710
3711
3712
3713
3714
3715
3716
3717
3718
3719
3720
3721
3722
3723
3724
3725
3726
3727
3728
3729
3730
3731
3732
3733
3734
3735
3736
3737
3738
3739
3740
3741
3742
3743
3744
3745
3746
3747
3748
3749
3750
3751
3752
3753
3754
3755
3756
3757
3758
3759
3760
3761
3762
3763
3764
3765
3766
3767
3768
3769
3770
3771
3772
3773
3774
3775
3776
3777
3778
3779
3780
3781
3782
3783
3784
3785
3786
3787
3788
3789
3790
3791
3792
3793
3794
3795
3796
3797
3798
3799
3800
3801
3802
3803
3804
3805
3806
3807
3808
3809
3810
3811
3812
3813
3814
3815
3816
3817
3818
3819
3820
3821
3822
3823
3824
3825
3826
3827
3828
3829
3830
3831
3832
3833
3834
3835
3836
3837
3838
3839
3840
3841
3842
3843
3844
3845
3846
3847
3848
3849
3850
3851
3852
3853
3854
3855
3856
3857
3858
3859
3860
3861
3862
3863
3864
3865
3866
3867
3868
3869
3870
3871
3872
3873
3874
3875
3876
3877
3878
3879
3880
3881
3882
3883
3884
3885
3886
3887
3888
3889
3890
3891
3892
3893
3894
3895
3896
3897
3898
3899
3900
3901
3902
3903
3904
3905
3906
3907
3908
3909
3910
3911
3912
3913
3914
3915
3916
3917
3918
3919
3920
3921
3922
3923
3924
3925
3926
3927
3928
3929
3930
3931
3932
3933
3934
3935
3936
3937
3938
3939
3940
3941
3942
3943
3944
3945
3946
3947
3948
3949
3950
3951
3952
3953
3954
3955
3956
3957
3958
3959
3960
3961
3962
3963
3964
3965
3966
3967
3968
3969
3970
3971
3972
3973
9257
9258
9259
9260
9261
9262
9263
9264
9265
9266
9267
9268
9269
9270
9271
9272
9273
9274
9275
9276
9277
9278
9279
9280
9281
9282
9283
9284
9285
9286
9287
9288
9289
9290
9291
9292
9293
9294
9295
9296
9297
9298
9299
9300
9301
9302
9303
9304
1342 3974 8752 9305
1343 3975 9306
1344 3976 9307
1345 3977 9308
1346
1347
9309
9310
9311
9312
9313
9314
9315
9316
9317
9318
9319
9320
9321
9322
9323
9324
9325
9326
9327
9328
9329
9330
1348 9331 3978
3979
3980
3981
3982
3983
3984
3985
3986
3987
3988
3989
3990
3991
3992
3993
3994
3995
3996
3997
3998
3999
4000
4001
4002
4003
4004
4005
4006
4007
4008
4009
4010
4011
4012
4013
4014
4015
4016
4017
4018
4019
4020
4021
4022
4023
4024
4025
4026
4027
4028
4029
4030
4031
4032
4033
4034
4035
4036
4037
4038
4039
4040
4041
4042
4043
4044
4045
4046
4047
4048
4049
4050
4051
4052
4053
4054
4055
4056
4057
4058
4059
4060
4061
4062
4063
4064
4065
4066
4067
4068
4069
4070
4071
4072
4073
4074
4075
4076
4077
4078
4079
4080
4081
4082
4083
4084
4085
4086
4087
4088
4089
4090
4091
4092
4093
4094
4095
4096
4097
4098
4099
4100
4101
4102
4103
4104
4105
4106
4107
4108
4109
4110
4111
4112
4113
4114
4115
4116
4117
4118
4119
4120
4121
4122
4123
4124
4125
4126
4127
4128
4129
4130
4131
4132
4133
4134
4135
4136
4137
4138
4139
4140
4141
4142
4143
4144
4145
4146
4147
4148
4149
4150
4151
4152
4153
4154
4155
4156
4157
4158
4159
4160
4161
4162
4163
4164
4165
4166
4167
4168
4169
4170
4171
4172
4173
4174
4175
4176
4177
4178
4179
4180
4181
4182
4183
4184
4185
4186
4187
4188
4189
4190
4191
4192
4193
4194
4195
4196
4197
4198
4199
4200
4201
4202
4203
4204
4205
4206
4207
4208
4209
4210
4211
4212
4213
4214
4215
4216
1349 9332 4217
1350 9333
1351 9334
1352 9335
1353 9336
1354 9337
1355 9338
1356 9339
1357 9340
9341
9342
9343
9344
9345
9346
9347
9348
9349
9350
9351
9352
9353
9354
9355
9356
9357
9358
9359
9360
9361
9362
9363
9364
9365
9366
9367
9368
9369
9370
9371
9372
9373
9374
9375
9376
9377
9378
1358 9379
1359 9380
1360 9381
1361 9382
1362 9383
1363 9384
1364 9385
1365 9386
1366 9387
9388
9389
9390
9391
9392
9393
9394
9395
9396
9397
9398
9399
9400
9401
9402
9403
9404
9405
9406
9407
9408
1367 9409
1368 9410
1369 9411
1370 9412
1371 9413
9414
9415
9416
9417
9418
9419
9420
9421
9422
9423
9424
9425
9426
9427
9428
9429
9430
9431
9432
9433
9434
9435
9436
9437
9438
9439
9440
9441
9442
9443
9444
9445
9446
9447
9448
9449
9450
1372 9451
1373 9452
1374 9453
1375 9454
1376 9455
9456
9457
9458
9459
9460
9461
9462
9463
9464
9465
9466
9467
9468
9469
9470
9471
9472
9473
9474
9475
9476
9477
9478
9479
9480
9481
9482
9483
9484
9485
9486
9487
9488
9489
9490
9491
9492
9493
9494
9495
9496
9497
9498
9499
9500
9501
9502
9503
9504
9505
9506
9507
9508
9509
9510
9511
9512
9513
9514
9515
9516
9517
9518
9519
9520
9521
9522
9523
9524
9525
9526
9527
9528
9529
9530
9531
9532
9533
9534
9535
9536
9537
9538
9539
9540
9541
9542
9543
9544
9545
9546
9547
9548
1377 9549
1378 9550
1379 9551
1380
1381
1382
1383
1384
1385
1386
1387
1388
1389
1390
1391
1392
1393
1394
1395
1396
1397
1398
1399
1400
1401
1402
1403
1404
1405
1406
1407
1408
1409
1410
1411
1412
1413
1414
1415
1416
1417
1418
1419
1420
1421
1422
1423
9552
9553
9554
9555
9556
9557
9558
9559
9560
9561
9562
9563
9564
9565
9566
9567
6070 6461 12031 11655 1803 6847 7224 11235 10824 0 2560 10419 5070 2184 1424 4218 8753 3059 7978 7602 8372 9568
10825 11236
10826 11237
10827 11238
10828 11239
10829
10830
10831
11240
11241
11242
11243
10832 11244
10833
11245
11246
11247
10834 11248
10835 11249
10836 11250
10837 11251
10838 11252
10839 11253
10840 11254
10841 11255
10842 11256
10843 11257
10844 11258
10845 11259
10846
10847
10848
10849
10850
10851 11260
10852 11261
10853
10854
10855
6848 7225 6462 6071 12032 11656 2185 1804 1425 10856 10420 4219 11262 1 5071 9569 2561 3060
1805
2 4220 11263 5072 9570 1806 3061
5073
5074
5075
5076
5077
5078
5079
5080
5081
5082
5083
5084
5085
5086
5087
5088
5089
5090
5091
5092
3 9571 5093
4 9572 5094
9573
9574
9575
9576
9577
9578
9579
9580
9581
9582
9583
9584
9585
9586
9587
9588
9589
9590
9591
9592
9593
9594
9595
9596
9597
9598
9599
9600
9601
9602
9603
9604
9605
9606
9607
9608
9609
9610
9611
9612
9613
9614
9615
9616
9617
9618
9619
9620
9621
9622
9623
9624
5 9625 5095
6 9626
7
8
9
10
11
12
13
14
15
16
17
18
19
20
21
22
23
24
25
26
27
28
29
30
31
32
33
34
35
36
37
38
39
40
41
42
43
44
45
46
47
48
49
50
51
52
53
54
55
56
57
58
59
60
61
62
63
64
65
66
67
68
69
70
71
72
73
74
75
76
77
78
79
80
81
82
83
84
85
86
87
88
89
90
91
92
93
94
95
96
97
98
99
100
101
102
103
104
105
106
107
108
109
110
111
112
113
114
115
116
117
118
119
120
121
122 9627
9628
9629
9630
9631
9632
9633
9634
9635
9636
9637
9638
9639
9640
9641
9642
9643
9644
9645
9646
9647
9648
9649
9650
9651
9652
9653
9654
9655
9656
9657
9658
9659
9660
9661
9662
9663
9664
9665
9666
9667
9668
9669
9670
9671
9672
123 9673
124 9674
125 9675
126 9676
127 9677
128 9678
129 9679
130 9680
9681
9682
9683
9684
9685
9686
9687
9688
9689
9690
9691
9692
9693
9694
9695
9696
9697
9698
9699
9700
9701
9702
9703
131 9704
132 9705
133 9706
134 9707
135 9708
9709
9710
9711
9712
9713
9714
136 9715
137 9716
9717
9718
9719
9720
9721
9722
9723
9724
9725
9726
9727
9728
9729
138 9730
139 9731
140 9732
141 9733
142
143
144
145
146
147
148
149
150
151
152
153
154
155
156
157
158
159
160
161
162
163
164
165
166
167
168
169
170
171
9734
9735
9736
9737
9738
9739
172 9740
173 9741
174 9742
175
176
177
178
179
180
181
182
183
184
185
186
187
188
189
190
191
192
193
194
195
196
197
198
199
200
201 9743
202 9744
203 9745
204 9746
205 9747
206 9748
207 9749
208 9750
9751
9752
9753
9754
9755
209 9756
210 9757
211 9758
212 9759
213 9760
214
215
216
217
218
219
220
221
222
223
224
225
226
227
228
229
230
231
232
233 9761
9762
9763
234 9764
235 9765
5096 9766 236
9767
9768
9769
9770
9771
9772
9773
9774
9775
9776
9777
9778
9779
9780
9781
9782
9783
9784
9785
9786
9787
9788
9789
9790
9791
9792
9793
9794
9795
9796
9797
9798
9799
9800
9801
9802
9803
9804
9805
9806
9807
9808
9809
9810
9811
9812
9813
9814
9815
9816
9817
9818
9819
9820
9821
9822
9823
9824
9825
9826
9827
5097 9828 237
5098 9829 238
239
240
241
242
243
244
245
246 9830
9831
9832
9833
9834
9835
9836
247 5099 9837
248 5100
249 5101
250 5102
251 5103
5104
5105
252 5106 9838
253 5107 9839
254 5108 9840
255
256
257
258
259
260
261
262 5109 9841
263 5110
5111
5112
264 5113 9842
9843
9844
265 9845
266 9846
267
268
269
270
271
272
273
274
275 9847
276 5114 9848
4221 5115 277 11264 9849
4222
4223
4224
4225
4226
4227
9850
4228 9851
9852
4229 5116 278 11265 9853
4230 11266 279 5117 9854 1807
6072 6463 7226 6849 11267 4231 1808 280 9855 5118 12033 2562 3062
2563
2564
9856
9857
9858
9859
9860
9861
9862
9863
9864
9865
9866
9867
9868
9869
9870
9871
9872
9873
9874
9875
9876
9877
9878
9879
9880
9881
9882
9883
9884
9885
9886
9887
9888
9889
9890
9891
9892
9893
9894
9895
9896
9897
9898
9899
9900
9901
9902
9903
9904
9905
9906
9907
9908
9909
9910
9911
9912
9913
9914
9915
9916
9917
9918
9919
9920
9921
9922
9923
9924
9925
9926
9927
9928
9929
9930
9931
9932
9933
9934
9935
9936
9937
9938
9939
9940
9941
9942
9943
9944
9945
9946
9947
9948
9949
9950
9951
9952
9953
9954
9955
9956
9957
9958
9959
9960
9961
9962
9963
9964
9965
9966
9967
9968
9969
9970
9971
9972
9973
9974
9975
9976
9977
9978
9979
9980
9981
9982
9983
9984
9985
9986
9987
9988
9989
9990
9991
1809 6850 7227 7603 11657 7979 2186 8373 12034 10857 8754 6073 6464 11268 4232 1426 3063 9992 2565 10421 5119 281
8755
8756
8757
8758
8759
1427 8760
1428
1810 6465 6851 7228 7604 11658 7980 8374 6074 2187 4233 3064 11269 10858 12035 2566 1429 8761 9993 10422 5120 282
10859
12036
1811 6466 6852 7229 7605 8375 11659 4234 7981 8762 6075 12037 2188 10860 3065 11270 2567 1430 9994 283 10423 5121
1812 2189 4235 6467 6853 7230 7606 8376 11271 11660 10861 7982 6076 12038 8763 3066 10424 2568 9995 1431 284 5122
3067
5123
5124
1813 2190 3068 4236 6468 6854 7231 7607 8377 10862 11272 11661 7983 8764 6077 12039 10425 5125 9996 2569 285 1432
1814 2191 3069 4237 6469 6855 7232 7608 8378 10863 11273 11662 5126 7984 6078 12040 8765 10426 9997 2570 286 1433
1815 2192 3070 4238 6470 6856 7233 7609 8379 10864 11274 11663 5127 7985 6079 12041 8766 10427 9998 2571 287 1434
1816 2193 3071 4239 6471 6857 7234 7610 8380 10865 11275 11664 5128 7986 6080 12042 8767 10428 9999 2572 288 1435
1817 2194 3072 4240 6472 6858 7235 7611 8381 10866 11276 11665 5129 7987 6081 12043 8768 10429 10000 2573 289 1436
1818 2195 3073 4241 6473 6859 7236 7612 8382 10867 11277 11666 5130 7988 6082 12044 8769 10430 10001 2574 290 1437
1819 2196 3074 4242 6474 6860 7237 7613 8383 10868 11278 11667 5131 7989 6083 12045 8770 10431 10002 2575 291 1438
1820 2197 3075 4243 6475 6861 7238 7614 8384 10869 11279 11668 5132 7990 6084 12046 8771 10432 10003 2576 292 1439
1821 2198 3076 4244 6476 6862 7239 7615 8385 10870 11280 11669 5133 7991 6085 12047 8772 10433 10004 2577 293 1440
1822 2199 3077 4245 6477 6863 7240 7616 8386 10871 11281 11670 5134 7992 6086 12048 8773 10434 10005 294 1441 2578
1823 2200 3078 4246 6478 6864 7241 7617 7993 8387 10872 11282 11671 12049 5135 6087 8774 10435 10006 1442 295 2579
1824 2201 3079 4247 6479 6865 7242 7618 7994 8388 10873 11283 11672 12050 5136 6088 8775 10436 10007 1443 2580 296
1825 2202 3080 4248 6480 6866 7243 7619 7995 8389 10874 11284 11673 12051 5137 6089 8776 10437 10008 1444 2581 297
1826 2203 3081 4249 6481 6867 7244 7620 7996 8390 10875 11285 11674 12052 5138 6090 8777 10438 10009 1445 2582 298
1827 2204 3082 4250 6482 6868 7245 7621 7997 8391 10876 11286 11675 12053 5139 6091 8778 10439 10010 1446 2583 299
1828 2205 3083 4251 6483 6869 7246 7622 7998 8392 10877 11287 11676 12054 5140 6092 8779 10440 10011 1447 2584 300
301
302
303
304 10012
10013
1829 2206 3084 4252 6484 6870 7247 7623 7999 8393 10878 11288 11677 12055 6093 8780 10441 5141 2585 10014 1448 305
1830 2207 3085 4253 6485 6871 7248 7624 8394 10879 11289 11678 12056 6094 8781 8000 10442 2586 1449 10015 5142 306
6486
1831 2208 3086 4254 6487 6872 7249 7625 8001 8395 10880 11290 11679 12057 6095 8782 10443 2587 1450 10016 5143 307
1832 2209 3087 4255 6488 6873 7250 7626 8002 8396 10881 11291 11680 12058 6096 8783 10444 2588 1451 10017 5144 308
5145
5146
5147
5148
5149
5150
5151
5152
5153
5154
5155
5156
5157
5158
5159
5160
5161
5162
5163
5164
5165
5166
5167
5168
5169
5170
5171
5172
5173
5174
5175
5176
5177
1833 2210 3088 4256 6489 6874 7251 7627 8003 8397 10882 11292 11681 12059 6097 8784 10445 2589 1452 309 10018 5178
1834 2211 3089 4257 6098 6875 7252 7628 8004 8398 10883 11293 11682 12060 6490 8785 10446 2590 1453 310 10019 5179
311
312
313
1835 2212 3090 4258 6099 6491 6876 7253 7629 8005 8399 10884 11294 11683 12061 8786 10447 2591 1454 10020 5180 314
2592 5181
1836 2213 3091 4259 6100 6492 6877 7254 7630 8006 8400 10885 11295 11684 12062 8787 10448 2593 1455 10021 5182 315
1837 2214 3092 4260 6101 6493 6878 7255 7631 8007 8401 10886 11296 11685 12063 8788 10449 2594 1456 5183 10022 316
1838 2215 3093 4261 6102 6494 6879 7256 7632 8008 8402 10887 11297 11686 12064 8789 10450 2595 1457 5184 10023 317
1839 2216 3094 4262 6103 6495 6880 7257 7633 8009 8403 10888 11298 11687 12065 8790 10451 2596 1458 5185 10024 318
1840 2217 3095 4263 6104 6496 6881 7258 7634 8010 8404 10889 11299 11688 12066 8791 10452 2597 5186 1459 10025 319
1841 2218 3096 4264 6105 6497 6882 7259 7635 8011 8405 10890 11300 11689 12067 8792 10453 2598 5187 1460 10026 320
1842 2219 3097 4265 6106 6498 6883 7260 7636 8012 8406 10891 11301 11690 12068 8793 10454 2599 5188 1461 10027 321
1843 2220 3098 4266 6107 6499 6884 7261 7637 8013 8407 10892 11302 11691 12069 8794 10455 2600 5189 1462 10028 322
1844 2221 3099 4267 6108 6500 6885 7262 7638 8014 8408 10893 11303 11692 12070 8795 10456 2601 5190 1463 10029 323
324
325
326
327
328
329
330
331
332
333
334
335
336
337
338
339
340
341
342
343
344
345
346
347
348
349
350
351
352
353
354
355
356
357
358
359
360
361
362
363
364
365
366
367
368
369
370
371
372
373
374
375
376
377
378
379
380
381
382
383
384
385
386
387
388
389
390
391
392
393
394
395
396
397
398
399
400
401
402
403
404
405
406
407
408
409
410
411
412
413
414
415
416
417
418
419
420
421
422
423
424
425
426
427
428
429
430
431
432
433
434
435
436
437
438
439
440
441
442
443
444
445
446
447
448
449
450
451
452
453
454
455
456
457
458
459
460
461
462
463
464
465
466
467
468
469
470
471
472
473
474
475
1845 2222 3100 6109 6501 6886 7263 7639 8015 8409 10894 11693 12071 4268 11304 8796 10457 5191 2602 1464 10030 476
10458
10459
1846 2223 3101 6110 6502 6887 7264 7640 8016 8410 10895 11694 12072 11305 8797 10460 1465 5192 2603 4269 10031 477
1847 2224 3102 6111 6503 6888 7265 7641 8017 8411 10896 11695 12073 11306 8798 10461 1466 5193 4270 2604 10032 478
2605 4271
1848 2225 3103 6112 6504 6889 7266 7642 8412 10897 11696 12074 11307 8799 8018 10462 1467 5194 10033 2606 4272 479
10034
1849 2226 3104 6113 6505 6890 7267 7643 8413 10898 11697 12075 11308 8800 8019 10463 1468 10035 4273 2607 5195 480
2608 4274
2609 4275
2610 4276
2611
2612
2613
2614
2615
2616
2617
2618
2619
2620
2621
2622
2623
2624
2625
2626
2627
2628
2629 10464
2630 10465
2631 10466
2632 10467
2633
2634
2635
2636
2637
2638
2639
2640
2641
2642
2643
2644
2645 10468
2646
2647
2648
2649
2650
2651
2652
2653
2654
2655
1850 2227 3105 6114 6506 6891 7268 7644 8414 10899 11698 12076 11309 8801 8020 10469 1469 10036 2656 5196 4277
5197
5198 8021
8022
5199 8023
5200 8024
5201
5202
5203
5204
4278 5205
4279 5206
4280 5207
4281 5208
4282
4283
5209
5210
5211
5212
5213
5214
5215
1851 2228 3106 6115 6507 6892 7269 7645 8415 10900 11699 12077 11310 8802 8025 10470 1470 10037 2657 4284 5216
4285
4286
4287
4288
4289
4290
4291
4292
4293
4294
4295
4296
4297
4298
4299
4300
4301
1852 2229 3107 6116 6508 6893 7270 7646 8416 10901 11700 12078 11311 8803 8026 10471 1471 2658 10038 4302
3108 10472
1853 2230 3109 6117 6509 6894 7271 7647 8417 10902 11312 11701 12079 8804 10473 1472 8027 2659 10039 4303
1854 2231 3110 6118 6510 6895 7272 7648 8418 10903 11313 11702 8805 10474 1473 8028 12080 2660 10040 4304
1855 2232 3111 6119 6511 6896 7273 7649 8419 10904 11314 11703 8806 10475 1474 8029 12081 2661 4305 10041
1856 2233 3112 6120 6512 6897 7274 7650 8420 10905 11315 11704 8807 10476 1475 8030 12082 2662 4306 10042
1857 2234 3113 6121 6513 6898 7275 7651 8421 10906 11316 11705 8808 10477 1476 2663 8031 12083 4307 10043
1858 2235 3114 6122 6514 6899 7276 7652 8422 10907 11317 11706 8809 10478 1477 2664 8032 12084 4308 10044
1859 2236 3115 6123 6515 6900 7277 7653 8423 10908 11318 11707 8810 10479 1478 2665 8033 12085 5217 4309 10045
1860 2237 3116 6124 6516 6901 7278 7654 8424 10909 11319 11708 10480 8811 1479 2666 8034 12086 5218 4310 10046
1861 2238 3117 6125 6517 6902 7279 7655 8425 10910 11320 11709 10481 8812 1480 2667 8035 12087 5219 4311 10047
1862 2239 3118 6126 6518 6903 7280 7656 8426 10911 11321 11710 10482 8813 1481 2668 8036 12088 5220 4312 10048
5221
5222
1863 2240 3119 6127 6519 6904 7281 7657 8427 10912 11322 11711 10483 8814 1482 2669 8037 12089 5223 10049 4313
1864 2241 3120 6128 6520 6905 7282 7658 8428 10913 11323 11712 10484 8815 1483 2670 8038 12090 5224 10050 4314
11324
1865 2242 3121 6129 6521 6906 7283 7659 8429 10914 11325 11713 10485 8816 1484 2671 8039 12091 5225 10051 4315
1866 2243 3122 6130 6522 6907 7284 7660 8430 10915 11326 11714 10486 8817 1485 2672 8040 12092 5226 10052 4316
4317 6523
1867 2244 3123 6131 6524 6908 7285 7661 8431 10916 11327 11715 10487 8818 1486 8041 12093 5227 2673 10053 4318
1868 2245 3124 6132 6525 6909 7286 7662 8432 10917 11328 11716 10488 8819 1487 8042 12094 5228 4319 10054 2674 481
5229
4320 5230
4321 5231
4322 5232
4323
4324
2675 5233 4325
2676
2677
1869 2246 3125 6133 6526 6910 7287 7663 8433 10918 11329 11717 10489 8820 1488 8043 12095 4326 10055 2678 5234 482
10056
10057
10058
10059
10060
10061
10062
10063
1870 2247 3126 6134 6527 6911 7288 7664 8434 10919 11330 11718 10490 8821 1489 8044 12096 4327 2679 10064 5235 483
1871 2248 3127 6135 6528 6912 7289 7665 8435 10920 11331 11719 10491 8822 1490 8045 12097 4328 2680 5236 10065 484
1872 2249 3128 6136 6529 6913 7290 7666 8436 10921 11332 11720 5237 10492 8823 1491 8046 12098 4329 2681 10066 485
1873 2250 6137 6530 6914 7291 7667 8437 10922 11333 11721 5238 10493 8824 3129 1492 8047 12099 4330 2682 10067 486
1874 2251 6138 6531 6915 7292 7668 8438 10923 11334 11722 5239 10494 8825 3130 1493 8048 12100 2683 4331 10068 487
1875 2252 6139 6532 6916 7293 7669 8439 10924 11335 11723 5240 10495 8826 3131 1494 8049 12101 2684 4332 10069 488
1876 2253 6140 6533 6917 7294 7670 8440 10925 11336 11724 5241 10496 8827 3132 1495 8050 12102 2685 4333 10070 489
1877 2254 6141 6534 6918 7295 7671 8441 10926 11337 11725 5242 10497 8828 3133 1496 8051 12103 2686 4334 10071 490
1878 2255 6142 6535 6919 7296 7672 8442 10927 11338 11726 5243 10498 8829 3134 1497 8052 12104 2687 4335 10072 491
4336
4337
4338
4339
4340
4341
4342
4343
1879 2256 6143 6536 6920 7297 7673 8443 10928 11339 11727 5244 10499 8830 3135 1498 2688 8053 12105 4344 10073 492
493
494
1880 2257 6144 6537 6921 7298 7674 8444 10929 11340 11728 5245 10500 8831 3136 1499 2689 8054 12106 4345 10074 495
5246
5247
1881 2258 6145 6538 6922 7299 7675 8445 10930 11341 11729 5248 10501 8832 3137 1500 2690 8055 12107 4346 10075 496
1882 2259 6146 6539 6923 7300 7676 8446 10931 11342 11730 5249 10502 8833 3138 1501 2691 8056 12108 4347 10076 497
1883 2260 6147 6540 6924 7301 7677 8447 10932 11343 11731 5250 10503 8834 3139 1502 2692 8057 12109 4348 10077 498
1884 2261 6148 6541 6925 7302 7678 8448 10933 11344 11732 5251 10504 8835 3140 1503 2693 8058 12110 4349 10078 499
1885 2262 6149 6542 6926 7303 7679 8449 10934 11345 11733 5252 10505 8836 3141 1504 2694 8059 12111 4350 10079 500
1886 2263 6150 6543 6927 7304 7680 8450 10935 11346 11734 5253 10506 8837 3142 4351 1505 2695 8060 12112 10080 501
1887 2264 6151 6544 6928 7305 7681 8451 10936 11347 11735 5254 10507 8838 3143 4352 1506 2696 8061 12113 502 10081
1888 2265 6152 6545 6929 7306 7682 8452 10937 11348 11736 5255 10508 8839 3144 4353 1507 2697 8062 12114 503 10082
1508 1889 2266 6153 6546 6930 7307 7683 8453 10938 11349 11737 12115 5256 10509 8840 3145 4354 8063 2698 504 10083
1509 1890 2267 6154 6931 7308 7684 8454 10939 11350 11738 12116 5257 6547 10510 8841 3146 4355 8064 2699 505 10084
1510 1891 2268 3147 6155 6548 6932 7309 7685 8455 10940 11351 11739 12117 5258 10511 8842 4356 8065 2700 506 10085
1511 1892 2269 3148 6156 6933 7310 7686 8456 10941 11352 11740 12118 6549 10512 8843 4357 5259 2701 8066 507 10086
1512 1893 2270 3149 6157 6550 6934 7311 7687 8457 10942 11353 11741 12119 10513 8844 4358 5260 2702 8067 508 10087
1513 1894 2271 3150 6158 6551 6935 7312 7688 8458 10943 11354 11742 10514 8845 12120 4359 5261 2703 8068 509 10088
1514 1895 2272 3151 6159 6552 6936 7313 7689 8459 10944 11355 11743 12121 10515 8846 4360 5262 2704 8069 510 10089
1515 1896 2273 3152 6160 6553 6937 7314 7690 8460 10945 11356 11744 12122 10516 8847 4361 5263 2705 8070 511 10090
1516 1897 2274 3153 6161 6554 6938 7315 7691 8461 10946 11357 11745 12123 10517 8848 4362 5264 2706 8071 512 10091
1517 1898 2275 3154 6162 6555 6939 7316 7692 8462 10947 11746 12124 8849 8072 2707 4363 10518 513 10092 11358 5265
10519 11359
1518 1899 2276 3155 6163 6556 6940 7317 7693 8463 10948 11747 12125 8850 8073 2708 10520 10093 4364 11360 514 5266
5267
5268
5269
5270
5271
515 5272
1519 1900 2277 3156 6164 6557 6941 7318 7694 8464 10949 11361 11748 12126 10521 8851 8074 2709 10094 516 4365 5273
4366
4367
4368
4369
4370
4371
4372
4373
4374
4375
4376
4377
4378
4379
4380
4381
4382
4383
4384
4385
4386
4387
4388
4389
4390
4391
4392
4393
4394
4395
4396
4397
4398
4399
4400
4401
4402
4403
4404
4405
4406
4407
4408
4409
4410
4411
4412
4413
4414
4415
4416
4417
4418
4419
4420
4421
4422
4423
4424
4425
4426
4427
4428
4429
4430
4431
4432
4433
4434
4435
4436
4437
4438
4439
4440
4441
4442
4443
4444
4445
4446
4447
4448
4449
4450
4451
4452
4453
4454
4455
4456
4457
4458
4459
4460
4461
4462
4463
4464
4465
4466
4467
4468
4469
4470
4471
4472
4473
4474
4475
4476
4477
4478
4479
4480
4481
4482
4483
4484
4485
4486
4487
4488
4489
4490
4491
4492
1520 1901 2278 3157 6165 6558 6942 7319 7695 8465 10950 11362 11749 12127 4493 10522 8852 8075 2710 10095 517 5274
1521 1902 2279 3158 6166 6559 6943 7320 7696 8466 10951 11363 11750 12128 4494 10523 8853 8076 2711 10096 518 5275
5276
1522 1903 2280 3159 6167 6560 6944 7321 7697 8467 10952 11364 11751 12129 4495 10524 8854 8077 2712 10097 519 5277
10525 11365
1523 1904 2281 3160 6168 6561 6945 7322 7698 8468 10953 11752 12130 4496 8855 10526 11366 8078 2713 10098 520 5278
1524 1905 2282 3161 6169 6562 6946 7323 7699 8469 10954 11753 12131 4497 8856 10527 11367 8079 2714 10099 521 5279
1525 1906 2283 3162 6170 6563 6947 7324 7700 8470 10955 11368 11754 12132 10528 8857 8080 2715 10100 4498 5280 522
523 4499
4500
4501
4502
4503
4504
4505
4506
4507
4508
4509
4510
4511
4512
4513
4514
4515
4516
4517
4518
4519
4520
4521
4522
4523
4524
4525
524 4526
525 4527
526 4528
527 4529
528 4530
529 4531
530 4532
531 4533
532 4534
533 4535
1526 1907 2284 3163 4536 6171 6564 6948 7325 7701 8471 10956 11369 11755 12133 10529 8858 2716 8081 10101 5281 534
1527 1908 2285 3164 4537 6172 6565 6949 7326 7702 8472 10957 11370 11756 12134 5282 10530 8859 2717 8082 535 10102
1528 1909 2286 3165 4538 6173 6566 6950 7327 7703 8473 10958 11371 11757 12135 5283 10531 8860 2718 8083 536 10103
1529 1910 2287 3166 4539 6174 6567 6951 7328 7704 8474 10959 11372 11758 12136 5284 10532 8861 2719 8084 537 10104
1530 1911 2288 3167 4540 6175 6568 6952 7329 7705 8475 10960 11373 11759 12137 5285 10533 8862 2720 8085 538 10105
1531 1912 2289 3168 4541 6176 6569 6953 7330 7706 8476 10961 11374 11760 12138 5286 10534 8863 2721 8086 539 10106
1532 1913 2290 3169 4542 6177 6570 6954 7331 7707 8477 10962 11375 11761 12139 5287 10535 8864 2722 8087 540 10107
1533 1914 2291 3170 4543 6178 6571 6955 7332 7708 8478 10963 11376 11762 12140 5288 10536 8865 2723 8088 541 10108
1534 1915 2292 3171 4544 6179 6572 6956 7333 7709 8479 10964 11377 11763 12141 5289 10537 8866 2724 8089 542 10109
10110
10111
10112
10113
10114
10115
1535 1916 2293 3172 4545 6180 6573 6957 7334 7710 8480 10965 11378 11764 12142 5290 10538 8867 2725 8090 543 10116
544
545
546
547
1536 1917 2294 3173 4546 6181 6574 6958 7335 7711 8481 10966 11379 11765 12143 5291 10539 8868 2726 8091 548 10117
1537 1918 2295 3174 4547 6182 6575 6959 7336 7712 8482 10967 11380 11766 12144 5292 10540 8869 2727 8092 549 10118
1538 1919 2296 3175 4548 6183 6576 6960 7337 7713 8483 10968 11381 11767 12145 5293 10541 8870 2728 8093 550 10119
1539 1920 2297 3176 4549 6184 6577 6961 7338 7714 8484 10969 11382 11768 12146 5294 10542 8871 2729 8094 551 10120
1540 1921 2298 3177 4550 6185 6578 6962 7339 7715 8485 10970 11383 11769 12147 5295 10543 8872 2730 8095 552 10121
1541 1922 2299 3178 4551 6186 6579 6963 7340 7716 8486 10971 11384 11770 12148 5296 10544 8873 2731 8096 553 10122
1542 1923 2300 3179 4552 6187 6580 6964 7341 7717 8487 10972 11385 11771 12149 5297 10545 8874 2732 8097 554 10123
1543 1924 2301 3180 4553 6188 6581 6965 7342 7718 8488 10973 11386 11772 12150 5298 10546 8875 2733 8098 555 10124
1544 1925 2302 3181 4554 6189 6582 6966 7343 7719 8489 10974 11387 11773 12151 5299 10547 8876 2734 8099 556 10125
1545 1926 2303 3182 4555 6190 6967 7344 7720 8490 8877 10975 11388 11774 12152 5300 10548 6583 8100 2735 557 10126
1546 1927 2304 3183 4556 6191 6584 6968 7345 7721 8491 8878 10976 11389 11775 12153 5301 10549 558 2736 8101 10127
1547 1928 2305 3184 5302 6192 6585 6969 7346 7722 8102 8492 8879 10977 11390 11776 12154 4557 10550 559 2737 10128
560 1548 1929 2306 3185 5303 6193 6586 6970 7347 7723 8103 8493 8880 10978 11391 11777 12155 4558 10551 2738 10129
561 1549 1930 2307 2739 3186 5304 6194 6587 6971 7348 7724 8104 8494 8881 10979 11392 11778 12156 4559 10552 10130
562 1550 1931 2308 2740 3187 5305 6195 6588 6972 7349 7725 8105 8495 8882 10980 11393 11779 12157 4560 10553 10131
1551 1932 2309 2741 3188 5306 6196 6589 6973 7350 7726 8106 8496 8883 10981 11394 11780 12158 563 4561 10554 10132
10133
10134
10135
1552 1933 2310 2742 3189 5307 6197 6590 6974 7351 7727 8107 8497 8884 10982 11395 11781 12159 564 4562 10555 10136
565
566
567
568
569
570
571
572
573
574
575
576
577
578
579
580
581
582
583
584
585
586
587
588
589
590
591
592
593
594
595
596
597
598
599
600
601
602
603
604
605
606
607
608
609
610
611
612
613
614
615
616
617
618 1553 1934 2311 2743 3190 5308 6198 6591 6975 7352 7728 8108 8498 8885 10983 11396 11782 12160 10556 4563 10137
6199
6200
6201
6202
6203
6204
6205
6206
6592
6593
619 1554 1935 2312 2744 3191 5309 6594 6976 7353 7729 8109 8499 8886 10984 11397 11783 12161 6207 10557 4564 10138
620 1555 1936 2313 2745 3192 5310 6595 6977 7354 7730 8110 8500 8887 10985 11398 11784 12162 6208 10558 4565 10139
621 1556 1937 2314 2746 3193 5311 6209 6596 6978 7355 7731 8111 8501 8888 10986 11399 11785 12163 10559 4566 10140
622 1557 1938 2315 2747 3194 5312 6210 6597 6979 7356 7732 8112 8502 8889 10987 11400 11786 12164 10560 4567 10141
623 1558 1939 2316 2748 3195 5313 6211 6598 6980 7357 7733 8113 8503 8890 10988 11401 11787 12165 10561 4568 10142
624 1559 1940 2317 2749 3196 5314 6212 6599 6981 7358 7734 8114 8504 8891 10989 11402 11788 12166 10562 4569 10143
625 1560 1941 2318 2750 3197 6213 6600 6982 7359 7735 8115 8505 8892 10990 11403 11789 12167 10563 4570 5315 10144
626 1561 1942 2319 2751 3198 6214 6601 6983 7360 7736 8116 8506 8893 10991 11404 11790 12168 10564 4571 5316 10145
627 1562 1943 2320 2752 3199 6215 6602 6984 7361 7737 8117 8507 8894 10992 11405 11791 12169 10565 4572 5317 10146
628 1563 1944 2321 2753 3200 6216 6603 6985 7362 7738 8118 8508 8895 10993 11406 11792 12170 10566 4573 5318 10147
629 1564 1945 2322 2754 3201 6217 6604 6986 7363 7739 8119 8509 8896 10994 11407 11793 12171 10567 4574 5319 10148
630 1565 1946 2323 2755 3202 6218 6605 6987 7364 7740 8120 8510 8897 10995 11408 11794 12172 10568 4575 5320 10149
631 1566 1947 2324 2756 3203 6219 6606 6988 7365 7741 8121 8511 8898 10996 11409 11795 12173 10569 4576 5321 10150
632 1567 1948 2325 2757 3204 6220 6607 6989 7366 7742 8122 8512 8899 10997 11410 11796 12174 10570 4577 5322 10151
633 1568 1949 2326 2758 3205 6221 6608 6990 7367 7743 8123 8513 8900 10998 11411 11797 12175 10571 4578 5323 10152
634 1569 1950 2327 2759 3206 6609 6991 7368 7744 8124 8514 8901 10999 11412 11798 12176 6222 10572 4579 5324 10153
5325
5326
5327
5328
5329
5330
5331
5332
5333
5334
5335
5336
5337
5338
5339
5340
5341
5342
5343
5344
5345
5346
5347
5348
5349
5350
5351
5352
5353
5354
635 1570 1951 2328 2760 3207 6610 6992 7369 7745 8125 8515 8902 11000 11413 11799 12177 6223 10573 4580 10154 5355
636 1571 1952 2329 2761 3208 6611 6993 7370 7746 8126 8516 8903 11001 11414 11800 12178 6224 10574 4581 10155 5356
1572 1953 2330 2762 3209 6612 6994 7371 7747 8127 8517 8904 11002 11415 11801 12179 637 6225 10575 4582 10156 5357
1573 1954 2331 2763 3210 6613 6995 7372 7748 8128 8518 8905 11003 11416 11802 12180 638 6226 10576 4583 10157 5358
1574 1955 2332 3211 6614 6996 7373 7749 8129 8519 8906 11004 11417 11803 12181 639 6227 10577 2764 4584 10158 5359
2765 5360 640
2766
2767 5361
5362
5363
5364
5365
5366
5367
5368
5369
5370
5371
5372
5373
5374
5375
5376
5377
2768 5378
2769 5379
2770
2771
2772 5380
2773 5381
2774 5382 6615
1575 1956 2333 2775 3212 6616 6997 7374 7750 8130 8520 8907 11005 11418 11804 12182 641 6228 10578 4585 5383 10159
1576 1957 2334 2776 3213 6229 6998 7375 7751 8131 8521 8908 10579 11006 11419 11805 12183 642 4586 6617 5384 10160
643 1577 1958 2335 2777 3214 6230 6999 7376 7752 8132 8522 8909 10580 11007 11420 11806 12184 4587 5385 6618 10161
644 1578 1959 2336 2778 3215 6231 7000 7377 7753 8133 8523 8910 10581 11008 11421 11807 12185 4588 5386 6619 10162
645 1579 1960 2337 2779 3216 6232 7001 7378 7754 8134 8524 8911 10582 11009 11422 11808 12186 4589 5387 6620 10163
646 1580 1961 2338 2780 3217 6233 7002 7379 7755 8135 8525 8912 10583 11010 11423 11809 12187 4590 5388 6621 10164
647 1581 1962 2339 2781 3218 6234 7003 7380 7756 8136 8526 8913 10584 11011 11424 11810 12188 4591 5389 6622 10165
648 1582 1963 2340 2782 3219 6235 7004 7381 7757 8137 8527 8914 10585 11012 11425 11811 12189 5390 4592 6623 10166
649 1583 1964 2341 2783 3220 6236 7005 7382 7758 8138 8528 8915 10586 11013 11426 11812 12190 5391 4593 6624 10167
650 1584 1965 2342 2784 3221 6237 7006 7383 7759 8139 8529 8916 10587 11014 11427 11813 12191 5392 4594 6625 10168
651 1585 1966 2343 2785 3222 6238 7007 7384 7760 8140 8530 8917 10588 11015 11428 11814 12192 5393 4595 6626 10169
1586 1967 2344 2786 3223 6239 7008 7385 7761 8141 8531 8918 10589 11016 11429 11815 12193 652 5394 4596 6627 10170
653
654
655
656
657
658
659
660
661
662
663
664
665
666
667
668
669
670
671
672
673
674
1587 1968 2345 2787 3224 6240 7009 7386 7762 8142 8532 8919 10590 11017 11430 11816 12194 675 5395 4597 6628 10171
1588 1969 2346 2788 3225 6241 7010 7387 7763 8143 8533 8920 10591 11018 11431 11817 12195 676 5396 4598 6629 10172
5397
5398
5399
5400
5401
5402
5403
5404
5405
1589 1970 2347 2789 3226 6242 7011 7388 7764 8144 8534 8921 10592 11019 11432 11818 12196 677 5406 4599 6630 10173
1590 1971 2348 2790 3227 6243 7012 7389 7765 8145 8535 8922 10593 11020 11433 11819 12197 678 5407 4600 6631 10174
1591 1972 2349 2791 3228 5408 6244 7013 7390 7766 8146 8536 8923 10594 11021 11434 11820 12198 679 4601 6632 10175
1592 1973 2350 2792 3229 5409 6245 7014 7391 7767 8147 8537 8924 10595 11022 11435 11821 12199 680 4602 6633 10176
2793
1593 1974 2351 2794 3230 5410 6246 7015 7392 7768 8148 8538 8925 10596 11023 11436 11822 12200 681 4603 6634 10177
1594 1975 2352 2795 3231 5411 6247 6635 7016 7393 7769 8149 8539 8926 10597 11024 11437 11823 12201 682 4604 10178
1595 1976 2353 2796 3232 5412 6248 6636 7017 7394 7770 8150 8540 8927 10598 11025 11438 11824 12202 683 4605 10179
1596 1977 2354 2797 3233 5413 6249 6637 7018 7395 7771 8151 8541 8928 10599 11026 11439 11825 12203 684 4606 10180
1597 1978 2355 2798 3234 5414 6250 6638 7019 7396 7772 8152 8542 8929 10600 11027 11440 11826 12204 685 4607 10181
1598 1979 2356 2799 3235 5415 6251 6639 7020 7397 7773 8153 8543 8930 10601 11028 11441 11827 12205 4608 686 10182
1599 1980 2357 2800 3236 5416 6252 6640 7021 7398 7774 8154 8544 8931 10602 11029 11442 11828 12206 4609 687 10183
10184
1600 1981 2358 2801 3237 5417 6253 6641 7022 7399 7775 8155 8545 8932 10603 11030 11443 11829 12207 4610 688 10185
1601 1982 2359 2802 5418 6254 6642 7023 7400 7776 8156 8546 8933 10604 11031 11444 11830 12208 4611 3238 689 10186
1602 1983 2360 2803 3239 5419 6255 6643 7024 7401 7777 8157 8547 8934 10605 11032 11445 11831 12209 4612 690 10187
1603 1984 2361 2804 3240 5420 6256 6644 7025 7402 7778 8158 8548 8935 10606 11033 11446 11832 12210 4613 691 10188
1604 1985 2362 2805 3241 5421 6257 6645 7026 7403 7779 8159 8549 8936 10607 11034 11447 11833 12211 4614 692 10189
1605 1986 2363 2806 3242 5422 6258 6646 7027 7404 7780 8160 8550 8937 10608 11035 11448 11834 12212 4615 693 10190
694
1606 1987 2364 2807 3243 5423 6259 6647 7028 7405 7781 8161 8551 8938 10609 11036 11449 11835 12213 695 4616 10191
1607 1988 2365 2808 3244 5424 6260 6648 7029 7406 7782 8162 8552 8939 10610 11037 11450 11836 12214 696 4617 10192
1608 1989 2366 2809 3245 5425 6261 6649 7030 7407 7783 8163 8553 8940 10611 11038 11451 11837 12215 697 4618 10193
1609 1990 2367 3246 5426 6262 6650 7031 7408 7784 8164 8554 8941 10612 11039 11452 11838 12216 698 2810 4619 10194
1610 1991 2368 2811 3247 5427 6263 6651 7032 7409 7785 8165 8555 8942 10613 11040 11453 11839 12217 699 4620 10195
1611 1992 2369 2812 3248 5428 6264 6652 7033 7410 7786 8166 8556 8943 10614 11041 11454 11840 12218 700 4621 10196
1612 1993 2370 2813 3249 5429 6265 6653 7034 7411 7787 8167 8557 8944 10615 11042 11455 11841 12219 4622 701 10197
1613 1994 2371 2814 3250 5430 6266 6654 7035 7412 7788 8168 8558 8945 10616 11043 11456 11842 12220 4623 702 10198
1614 1995 2372 2815 3251 5431 6655 7036 7413 7789 8169 8559 8946 10617 11044 11457 11843 12221 6267 4624 703 10199
1615 1996 2373 2816 3252 5432 6656 7037 7414 7790 8170 8560 8947 10618 11045 11458 11844 12222 6268 4625 704 10200
6269
1616 1997 2374 2817 3253 5433 6270 6657 7038 7415 7791 8171 8561 8948 10619 11046 11459 11845 12223 4626 705 10201
1617 1998 2375 2818 3254 5434 6271 6658 7039 7416 7792 8172 8562 8949 10620 11047 11460 11846 12224 4627 706 10202
1618 1999 2376 2819 3255 5435 6272 6659 7040 7417 7793 8173 8563 8950 10621 11048 11461 11847 12225 4628 707 10203
1619 2000 2377 2820 3256 5436 6273 6660 7041 7418 7794 8174 8564 8951 10622 11049 11462 11848 12226 4629 708 10204
4630
4631
1620 2001 2378 2821 3257 5437 6274 6661 7042 7419 7795 8175 8565 8952 10623 11050 11463 11849 12227 709 10205 4632
1621 2002 2379 2822 3258 6275 6662 7043 7420 7796 8176 8566 8953 10624 11051 11464 11850 12228 5438 710 10206 4633
711
712
713
714
715
716
717 11465
1622 2003 2380 2823 3259 6276 6663 7044 7421 7797 8177 8567 8954 10625 11052 11851 12229 11466 5439 4634 10207 718
1623 2004 2381 2824 3260 6277 6664 7045 7422 7798 8178 8568 8955 10626 11053 11467 11852 12230 5440 10208 4635 719
5441
5442
5443
10209
10210
10211
1624 2005 2382 3261 6278 6665 7046 7423 7799 8179 8569 8956 10627 11054 11468 11853 12231 2825 10212 4636 5444 720
2006 2383 3262 6279 6666 7047 7424 7800 8180 8570 8957 10628 11055 11469 11854 12232 1625 10213 2826 4637 5445 721
722
723
724
2007 2384 3263 6280 6667 7048 7425 7801 8181 8571 8958 11056 11470 11855 12233 1626 10629 10214 2827 4638 5446 725
2008 2385 3264 6281 6668 7049 7426 7802 8182 8572 8959 10630 11057 11471 12234 11856 1627 10215 2828 4639 5447 726
3265
2009 2386 2829 3266 6282 6669 7050 7427 7803 8183 8573 8960 10631 11058 11472 11857 12235 1628 4640 10216 727 5448
2010 2387 2830 3267 6283 6670 7051 7428 7804 8184 8574 8961 10632 11059 11473 11858 12236 1629 4641 10217 728 5449
729 4642
730 4643
731
732
733
734
735
736
737
738
739 4644
2011 2388 2831 6284 6671 7052 7429 7805 8185 8575 8962 10633 11060 11859 12237 11474 1630 3268 740 4645 10218
2012 2389 2832 6285 6672 7053 7430 7806 8186 8576 8963 10634 11061 11860 12238 11475 1631 3269 10219 741 4646
2013 2390 2833 6286 6673 7054 7431 7807 8187 8577 8964 10635 11062 11861 12239 5450 11476 1632 3270 10220 742 4647
11477
2014 2391 2834 6287 6674 7055 7432 7808 8188 8578 8965 10636 11063 11478 11862 12240 5451 1633 3271 10221 743 4648
4649
4650
4651
4652
4653
4654
4655
4656
4657
4658
4659
4660
4661
4662
4663
4664
4665
4666
4667
4668
4669
4670
4671
4672
4673
4674
4675
4676
4677
4678
4679
4680
4681
4682
4683
4684
4685
4686
4687
4688
4689
4690
4691
4692
4693
4694
4695
4696
4697
4698
4699
4700
4701
4702
4703
4704
4705
4706
4707
4708
4709
4710
4711
4712
4713
4714
4715
4716
4717
4718
2015 2392 2835 5452 6288 6675 7056 7433 7809 8189 8579 8966 10637 11064 11479 11863 12241 1634 10222 3272 4719 744
3273
3274
2016 2393 3275 5453 6289 6676 7057 7434 7810 8190 8580 8967 10638 11065 11480 11864 12242 1635 2836 10223 4720 745
2017 2394 2837 3276 5454 6290 6677 7058 7435 7811 8191 8581 8968 10639 11066 11481 11865 12243 1636 10224 4721 746
2018 2395 2838 3277 5455 6291 6678 7059 7436 7812 8192 8582 8969 10640 11067 11482 11866 12244 1637 10225 4722 747
2019 2396 2839 3278 5456 6292 6679 7060 7437 7813 8193 8583 8970 10641 11068 11483 11867 12245 1638 10226 4723 748
2020 2397 2840 3279 5457 6293 6680 7061 7438 7814 8194 8584 8971 10642 11069 11484 11868 12246 1639 10227 4724 749
750
751
2021 2398 2841 3280 5458 6294 6681 7062 7439 7815 8195 8585 8972 10643 11070 11485 11869 12247 1640 10228 4725 752
2022 2399 2842 3281 5459 6295 6682 7063 7440 7816 8196 8586 8973 10644 11071 11486 11870 12248 1641 10229 4726 753
2023 2400 2843 3282 5460 6296 6683 7064 7441 7817 8197 8587 8974 10645 11072 11487 11871 12249 1642 10230 4727 754
2024 2401 2844 3283 5461 6297 6684 7065 7442 7818 8198 8588 8975 10646 11073 11488 11872 12250 1643 10231 4728 755
2025 2402 2845 3284 5462 6298 6685 7066 7443 7819 8199 8589 8976 10647 11074 11489 11873 12251 1644 10232 4729 756
2026 2403 2846 3285 5463 6299 6686 7067 7444 7820 8200 8590 8977 10648 11075 11490 11874 12252 1645 10233 4730 757
4731
4732
4733
4734
4735
4736
4737
4738
4739
4740
4741
4742
4743
4744
4745
4746
2027 2404 2847 3286 5464 6300 6687 7068 7445 7821 8201 8591 8978 10649 11076 11491 11875 12253 1646 10234 4747 758
2028 2405 2848 3287 6301 6688 7069 7446 7822 8202 8592 8979 10650 11077 11492 11876 12254 5465 1647 10235 4748 759
2029 2406 2849 3288 6302 6689 7070 7447 7823 8203 8593 8980 10651 11078 11493 11877 12255 5466 1648 10236 4749 760
2850
2030 2407 2851 3289 6303 6690 7071 7448 7824 8204 8594 8981 10652 11079 11494 11878 12256 5467 1649 10237 4750 761
2031 2408 2852 3290 6304 6691 7072 7449 7825 8205 8595 8982 10653 11080 11495 11879 12257 5468 1650 10238 4751 762
2032 2409 2853 3291 6305 6692 7073 7450 7826 8206 8596 8983 10654 11081 11496 11880 12258 5469 1651 10239 4752 763
10240
2033 2410 2854 3292 6306 6693 7074 7451 7827 8207 8597 8984 10655 11082 11497 11881 12259 5470 1652 10241 4753 764
2034 2411 3293 6307 6694 7075 7452 7828 8208 8598 8985 10656 11083 11498 11882 12260 2855 5471 1653 10242 4754 765
2035 2412 3294 6308 6695 7076 7453 7829 8209 8599 8986 10657 11084 11883 12261 1654 11499 5472 2856 10243 4755 766
2036 2413 3295 6309 6696 7077 7454 7830 8210 8600 8987 10658 11085 11884 12262 1655 11500 5473 2857 10244 4756 767
768
769
2037 2414 3296 6310 6697 7078 7455 7831 8211 8601 8988 10659 11086 11885 12263 1656 2858 5474 10245 11501 4757 770
2038 2415 6311 6698 7079 7456 7832 8212 8989 10660 11087 11886 12264 8602 3297 1657 2859 5475 10246 11502 771
772 11503
773 11504
774
775
776
777
778
779 11505
780
781 11506
782
783
784
785
786
787
788
789 11507
11508
790 11509
791
792
793
794
795
796
797
798
799
800
801
802
803
804
805
806
807
808
809
810
811
812
813
814
815
816
817
818
819
820
821
822
823
824
825
826
827
828
829
830
831
2039 2416 6312 6699 7080 7457 7833 8213 8990 10661 11088 11887 12265 8603 3298 1658 2860 5476 11510 10247 832
2861
2862
2863
2864
2865
5477
5478
5479
5480
5481
5482
5483
5484
5485
5486
5487
5488
5489
5490
5491
5492
5493
5494
5495
5496
5497
5498
5499
5500
5501
5502
5503
5504
5505
5506
5507
5508
5509
5510
5511
5512
5513
5514
5515
5516
5517
5518
5519
5520
5521
5522
5523
5524
5525
5526
5527
5528
5529
5530
5531
5532
5533
5534
5535
5536
5537
5538
5539
5540
5541
5542
5543
5544
5545
5546
5547
5548
5549
5550
5551
5552
5553
5554
5555
5556
5557
5558
5559
5560
5561
5562
5563
5564
5565
5566
5567
5568
2866 5569 833
834
835
836
837
838
839
840
841
842
843
844
845
846
847
848
849
850
851
852
853
2040 2417 6313 6700 7081 7458 7834 8214 8991 10662 11089 11888 12266 8604 3299 1659 2867 11511 5570 10248 854
1660
2041 2418 6314 6701 7082 7459 7835 8215 8992 10663 11090 11889 12267 8605 1661 3300 2868 4758 11512 5571 855
2042 2419 6315 6702 7083 7460 7836 8216 8993 10664 11091 11890 12268 8606 1662 3301 2869 4759 11513 5572 856
2043 2420 6316 6703 7084 7461 7837 8217 8994 10665 11891 12269 8607 1663 3302 2870 10249 11092 4760 11514 5573 857
4761
4762
4763
4764
4765
4766
4767
4768
4769
4770
4771
4772
4773
4774
4775
4776
4777
4778
4779
4780
4781
4782
4783
4784
2044 2421 3303 6317 6704 7085 7462 7838 8218 8995 10666 11093 11892 12270 8608 1664 4785 11515 2871 10250 5574 858
2045 2422 3304 6318 6705 7086 7463 7839 8219 8996 10667 11094 11516 11893 12271 8609 1665 4786 2872 10251 5575 859
2046 2423 3305 6319 6706 7087 7464 7840 8220 8610 8997 10668 11095 11517 11894 12272 1666 4787 2873 10252 5576 860
10253
10254
10255
10256
10257
10258
10259
10260
10261
2047 2424 3306 6320 6707 7088 7465 7841 8221 8611 8998 10669 11096 11518 11895 12273 1667 4788 10262 2874 5577 861
2048 2425 3307 6321 6708 7089 7466 7842 8222 8612 8999 10670 11097 11519 11896 12274 1668 4789 10263 2875 5578 862
2876
2877
2878
2049 2426 3308 6322 6709 7090 7467 7843 8223 8613 9000 10671 11098 11520 11897 12275 1669 4790 10264 5579 2879 863
864
865
866
867
868
869
870
871
872
873
874
875
876
877
878
879
880
881
882
883
884
885
886
887
888
889
890
891
892
893
894
895
896
897
898
899
900
2050 2427 3309 6710 7091 7468 7844 8224 8614 9001 11099 11521 11898 12276 10672 6323 1670 4791 10265 2880 5580 901
2051 2428 3310 6711 7092 7469 7845 8225 8615 9002 11100 11522 11899 12277 10673 6324 1671 4792 10266 2881 5581 902
2052 2429 3311 6712 7093 7470 7846 8226 8616 9003 11101 11523 11900 12278 10674 6325 1672 4793 10267 2882 5582 903
2883 5583
5584
5585
5586
5587
5588
5589
5590
5591
5592
5593
5594
5595
5596
5597
5598
5599
5600
5601
5602
5603
5604
5605
5606
5607
5608
5609
5610
5611
5612
5613
5614
5615
5616
5617
5618
5619
5620
5621
5622
5623
5624
5625
5626
5627
5628
5629
5630
5631
5632
5633
5634
5635
5636
5637
5638
5639
5640
5641
5642
5643
5644
5645
5646
5647
5648
5649
5650
5651
5652
5653
5654
5655
5656
5657
5658
5659
5660
5661
5662
5663
5664
5665
5666
5667
5668
5669
5670
5671
5672
5673
5674
5675
5676
5677
5678
5679
5680
5681
5682
5683
5684
5685
5686
5687
5688
5689
5690
5691
5692
5693
5694
5695
5696
5697
5698
5699
5700
5701
5702
5703
5704
5705
5706
5707
5708
5709
5710
5711
5712
5713
5714
5715
5716
5717
5718
5719
5720
5721
5722
5723
5724
5725
5726
5727
5728
5729
5730
5731
5732
5733
5734
5735
5736
5737
5738
5739
5740
5741
5742
5743
5744
5745
5746
5747
5748
5749
5750
5751
5752
5753
5754
5755
5756
5757
5758
5759
5760
5761
5762
5763
5764
5765
5766
5767
5768
5769
5770
5771
5772
5773
5774
5775
5776
5777
5778
5779
5780
5781
5782
5783
5784
5785
5786
5787
5788
5789
5790
5791
5792
5793
5794
5795
5796
5797
5798
5799
5800
5801
5802
5803
5804
5805
5806
5807
5808
5809
5810
5811
5812
5813
5814
5815
5816
5817
5818
5819
5820
5821
5822
5823
5824
5825
5826
5827
5828
5829
5830
5831
5832
5833
5834
5835
5836
5837
5838
5839
5840
5841
5842
5843
5844
5845
5846
5847
5848 10268
2884 5849 10269
2053 2430 3312 6713 7094 7471 7847 8227 8617 9004 11102 11524 11901 12279 10675 6326 1673 4794 10270 2885 5850 904
2054 2431 3313 6714 7095 7472 7848 8228 8618 9005 11103 11525 11902 12280 2886 10676 6327 1674 4795 10271 5851 905
2055 2432 2887 3314 6715 7096 7473 7849 8229 8619 9006 11104 11526 11903 12281 10677 6328 1675 4796 5852 10272 906
2056 2433 2888 3315 6329 6716 7097 7474 7850 8230 8620 9007 11105 11527 11904 12282 10678 1676 4797 5853 10273 907
2057 2434 2889 3316 6330 6717 7098 7475 7851 8231 8621 9008 11106 11528 11905 12283 10679 1677 4798 5854 10274 908
909 4799
910
911
912
913
914
915
916
917
918
919 4800
920 4801
921
922
923
924
925
926
927
928
929
930
931
932
933
934
935
936
937
938
939
940
941
942
943
944
945
946
947
948
949
950
951
952
953
954
955
956
957
2058 2435 2890 3317 6331 6718 7099 7476 7852 8232 8622 9009 11107 11529 11906 12284 10680 1678 5855 4802 10275 958
2059 2436 2891 3318 6332 6719 7100 7477 7853 8233 8623 11108 11530 11907 12285 10681 9010 1679 5856 4803 10276 959
2060 2437 2892 3319 6333 6720 7101 7478 7854 8234 8624 9011 11109 11531 11908 12286 10682 1680 4804 5857 10277 960
2061 2438 2893 3320 6334 6721 7102 7479 7855 8235 8625 9012 11110 11532 11909 12287 10683 1681 4805 5858 10278 961
2062 2439 2894 3321 6335 6722 7103 7480 7856 8236 8626 9013 11111 11533 11910 12288 10684 1682 4806 5859 10279 962
2063 2440 2895 3322 6336 6723 7104 7481 7857 8237 8627 9014 11112 11534 11911 12289 10685 1683 4807 5860 10280 963
2064 2441 2896 3323 6337 6724 7105 7482 7858 8238 8628 9015 11113 11535 11912 12290 10686 1684 4808 5861 10281 964
2065 2442 2897 3324 6338 6725 7106 7483 7859 8239 8629 9016 11114 11536 11913 12291 10687 1685 4809 5862 10282 965
2066 2443 2898 3325 6339 6726 7107 7484 7860 8240 8630 9017 11115 11537 11914 12292 10688 1686 4810 5863 10283 966
2067 2444 2899 3326 6340 7108 7485 7861 8241 8631 9018 11116 11538 11915 12293 10689 6727 4811 1687 5864 10284 967
2068 2445 2900 3327 6341 6728 7109 7486 7862 8242 8632 9019 11117 11539 11916 12294 10690 1688 4812 5865 10285 968
6342
6343
6344
6345
6346
2069 2446 2901 3328 6347 6729 7110 7487 7863 8243 8633 9020 11118 11540 11917 12295 10691 1689 4813 5866 10286 969
2070 2447 2902 3329 6348 6730 7111 7488 7864 8244 8634 9021 11119 11541 11918 12296 10692 1690 4814 5867 10287 970
2071 2448 2903 3330 6349 6731 7112 7489 7865 8245 8635 9022 11120 11542 11919 12297 10693 1691 4815 5868 10288 971
3331
2072 2449 2904 3332 6350 6732 7113 7490 7866 8246 8636 9023 11121 11543 11920 12298 10694 1692 5869 4816 10289 972
5870
2073 2450 2905 3333 6351 6733 7114 7491 7867 8247 8637 9024 11122 11544 11921 12299 10695 1693 5871 4817 10290 973
2074 2451 2906 3334 6352 6734 7115 7492 7868 8248 8638 9025 11123 11545 11922 12300 10696 1694 5872 10291 4818 974
975 4819
976
977
978
979
980
981
982
983
984
985 4820
986 4821
4822 10292 987
2075 2452 2907 3335 6353 6735 7116 7493 7869 8249 8639 9026 11124 11546 11923 12301 10697 1695 5873 10293 4823 988
4824
4825
4826
4827
4828
4829
4830
4831
4832
4833
4834
4835
4836
4837
4838
4839
4840
4841
4842
4843
4844
4845
4846
4847
4848
4849
4850
4851
4852
4853
4854
4855
4856
4857
4858
4859
4860
4861
4862
4863
4864
4865
4866
4867
4868
4869
4870
4871
4872
4873
4874
4875
4876
4877
4878
4879
4880
4881
4882
4883
4884
4885
4886
4887
4888
4889
4890
4891
4892
4893
4894
4895
4896
4897
4898
4899
4900
4901
2076 2453 2908 3336 6354 6736 7117 7494 7870 8250 8640 9027 11125 11547 11924 12302 10698 1696 5874 10294 4902 989
11126
2077 2454 3337 6355 6737 7118 7495 7871 8251 8641 9028 11127 11548 11925 12303 10699 1697 5875 4903 10295 2909 990
2910
2078 2455 3338 6356 6738 7119 7496 7872 8252 8642 9029 11128 11549 11926 12304 10700 1698 5876 4904 10296 2911 991
11550
2079 2456 3339 6357 6739 7120 7497 7873 8253 8643 9030 11129 11927 12305 10701 11551 1699 5877 4905 2912 10297 992
993
994
995
996
997
998
999
1000
1001
1002
1003
1004
1005
1006
1007
2080 2457 2913 3340 6358 6740 7121 7498 7874 8254 8644 9031 11130 11552 11928 12306 10702 1700 4906 5878 1008 10298
2081 2458 2914 3341 6359 6741 7122 7499 7875 8255 8645 9032 11131 11553 11929 12307 10703 1009 1701 4907 5879 10299
2082 2459 2915 3342 6360 6742 7123 7500 7876 8256 8646 9033 11132 11554 11930 12308 10704 1010 1702 4908 5880 10300
2083 2460 2916 3343 6361 6743 7124 7501 7877 8257 8647 9034 11133 11555 11931 12309 10705 1011 1703 4909 5881 10301
2084 2461 2917 3344 6362 6744 7125 7502 7878 8258 8648 9035 11134 11556 11932 12310 10706 1012 1704 4910 5882 10302
2085 2462 2918 3345 6363 6745 7126 7503 7879 8259 8649 9036 11135 11557 11933 12311 10707 1013 1705 4911 5883 10303
2086 2463 2919 3346 6364 6746 7127 7504 7880 8260 8650 9037 11136 11558 11934 12312 10708 1014 1706 4912 5884 10304
2087 2464 2920 3347 6365 6747 7128 7505 7881 8261 8651 9038 11137 11559 11935 12313 10709 1015 1707 4913 5885 10305
2921
2922
2923
2088 2465 3348 6366 6748 7129 7506 7882 8262 8652 9039 11138 11560 11936 12314 10710 2924 1708 1016 4914 5886 10306
2089 2466 3349 6367 6749 7130 7507 7883 8263 8653 9040 11139 11561 11937 12315 10711 2925 1709 1017 4915 5887 10307
5888
5889
5890
5891
5892
5893
2090 2467 3350 6368 6750 7131 7508 7884 8264 8654 9041 11140 11562 11938 12316 10712 2926 1710 1018 4916 10308 5894
2091 2468 3351 6369 6751 7132 7509 7885 8265 8655 9042 11141 11563 11939 12317 10713 2927 1711 1019 4917 10309 5895
2092 2469 3352 6370 6752 7133 7510 7886 8266 8656 9043 11142 11564 11940 12318 10714 2928 1712 4918 1020 10310 5896
10311
10312
10313
2093 2470 3353 6371 6753 7134 7511 7887 8267 8657 9044 11143 11565 11941 12319 10715 2929 1713 4919 10314 5897 1021
1022 4920
1023
1024
1025
1026
1027
1028
1029
1030
1031
1032
1033
1034
1035
1036
1037
1038
1039
1040
1041
1042
1043
1044
1045
1046
1047
1048
1049
1050
1051
1052
1053
1054
1055
1056
1057
1058
1059
1060
1061
1062
1063
1064
1065
1066
1067
1068
1069
1070
1071
1072
1073
1074
1075
1076
1077
1078
1079
1080
1081
1082
1083
1084
1085
1086
1087 4921
4922
4923
4924
4925
4926
4927
4928
4929
4930
4931
4932
4933
4934
4935
4936
4937
4938
4939
4940
4941
2094 2471 3354 6372 6754 7135 7512 7888 8268 8658 9045 11144 11566 11942 12320 2930 10716 1714 4942 10315 5898 1088
2095 2472 3355 6373 6755 7136 7513 7889 8269 8659 9046 11145 11567 11943 12321 2931 10717 1089 1715 4943 10316 5899
5900
5901
5902
5903
5904
5905
5906
2096 2473 3356 6374 6756 7137 7514 7890 8270 8660 9047 11146 11568 11944 12322 10718 2932 1090 1716 5907 4944 10317
2097 2474 3357 6375 6757 7138 7515 7891 8271 8661 9048 11147 11569 11945 12323 10719 2933 1091 1717 5908 4945 10318
2098 2475 3358 6376 6758 7139 7516 7892 8272 8662 9049 11148 11570 11946 12324 10720 2934 1092 1718 4946 5909 10319
2099 2476 3359 6377 6759 7140 7517 7893 8273 8663 9050 11149 11571 11947 12325 1093 10721 2935 1719 4947 5910 10320
2100 2477 3360 6378 6760 7141 7518 7894 8274 8664 9051 11150 11572 11948 12326 1094 10722 2936 1720 4948 5911 10321
2101 2478 3361 6379 6761 7142 7519 7895 8275 8665 9052 11151 11573 11949 12327 1095 10723 2937 1721 4949 5912 10322
2102 2479 3362 6380 6762 7143 7520 7896 8276 8666 9053 11152 11574 11950 12328 1096 10724 1722 2938 4950 5913 10323
2103 2480 3363 6381 6763 7144 7521 7897 8277 8667 9054 11153 11575 11951 12329 1097 10725 1723 4951 5914 2939 10324
2104 2481 3364 6382 6764 7145 7522 7898 8278 8668 9055 11154 11576 11952 12330 1098 10726 1724 4952 5915 2940 10325
2105 2482 3365 6383 6765 7146 7523 7899 8279 8669 9056 11155 11577 11953 12331 1099 10727 1725 4953 5916 2941 10326
2106 2483 3366 6384 6766 7147 7524 7900 8280 8670 9057 11156 11578 11954 12332 1100 10728 1726 4954 5917 2942 10327
2107 2484 3367 6385 6767 7148 7525 7901 8281 8671 9058 11157 11579 11955 12333 1101 10729 1727 4955 5918 2943 10328
2108 2485 3368 6386 6768 7149 7526 7902 8282 8672 9059 11158 11580 11956 12334 10730 1102 4956 1728 5919 2944 10329
2109 2486 3369 6387 6769 7150 7527 7903 8283 8673 9060 11159 11581 11957 12335 10731 1729 4957 1103 5920 2945 10330
2110 2487 3370 6388 6770 7151 7528 7904 8284 8674 9061 11160 11582 11958 12336 10732 1730 4958 1104 5921 2946 10331
2111 2488 3371 6389 6771 7152 7529 7905 8285 8675 9062 11161 11583 11959 12337 10733 1731 4959 1105 5922 2947 10332
2112 2489 3372 6390 6772 7153 7530 7906 8286 8676 9063 11162 11584 11960 12338 10734 1732 4960 1106 5923 2948 10333
2113 2490 3373 6391 6773 7154 7531 7907 8287 8677 9064 11163 11585 11961 12339 10735 1733 4961 1107 5924 2949 10334
2114 2491 3374 6392 6774 7155 7532 7908 8288 8678 9065 11164 11586 11962 12340 10736 1734 4962 1108 5925 2950 10335
9066
2115 2492 3375 6393 6775 7156 7533 7909 8289 8679 9067 11165 11587 11963 12341 10737 1735 4963 5926 1109 2951 10336
2116 2493 3376 6394 6776 7157 7534 7910 8290 8680 9068 11166 11588 11964 12342 10738 1736 4964 5927 1110 2952 10337
2117 2494 3377 6395 6777 7158 7535 7911 8291 8681 9069 11167 11589 11965 12343 10739 1737 4965 5928 1111 2953 10338
2118 2495 3378 6396 6778 7159 7536 7912 8292 8682 9070 11168 11590 11966 12344 10740 1738 4966 5929 1112 2954 10339
2119 2496 3379 6397 6779 7160 7537 7913 8293 8683 9071 11169 11591 11967 12345 10741 1739 4967 5930 2955 1113 10340
2120 2497 3380 6398 6780 7161 7538 7914 8294 8684 9072 11170 11592 11968 12346 10742 1740 4968 5931 2956 1114 10341
2121 2498 3381 6399 6781 7162 7539 7915 8295 8685 9073 11171 11593 11969 12347 10743 1741 4969 5932 2957 1115 10342
2122 2499 3382 6400 6782 7163 7540 7916 8296 8686 9074 11172 11594 11970 12348 10744 1742 4970 5933 2958 1116 10343
2123 2500 3383 6401 6783 7164 7541 7917 8297 8687 9075 11173 11595 11971 12349 10745 1743 4971 5934 2959 1117 10344
2124 2501 3384 6402 6784 7165 7542 7918 8298 8688 9076 11174 11596 11972 12350 10746 1744 4972 5935 2960 1118 10345
2125 2502 3385 6403 6785 7166 7543 7919 8299 8689 9077 11175 11597 11973 12351 10747 1745 4973 5936 2961 1119 10346
2126 2503 3386 6404 6786 7167 7544 7920 8300 8690 9078 11176 11598 11974 12352 10748 1746 4974 5937 2962 1120 10347
2127 2504 3387 6405 6787 7168 7545 7921 8301 8691 9079 11177 11599 11975 12353 10749 1747 5938 2963 4975 10348 1121
2964 10750
2965 10751
2966 10752
2967 10753
2968 10754
2969 10755
2970 10756
2971 10757
2972 10758
2973
2974
2975
2976
2977
2978 10759 4976
2979 10760 4977
4978
2128 2505 3388 6406 6788 7169 7546 7922 8302 8692 9080 11178 11600 11976 12354 1748 5939 10349 4979 10761 2980 1122
1123
1124
1125
1126
1127
1128
1129
2129 2506 3389 6407 6789 7170 7547 7923 8303 8693 9081 11179 11601 11977 12355 1749 5940 4980 10350 10762 2981 1130
2130 2507 3390 6408 6790 7171 7548 7924 8304 9082 11180 11602 11978 12356 8694 1750 5941 4981 10351 10763 2982 1131
2131 2508 3391 6409 6791 7172 7549 7925 8305 8695 9083 11181 11603 11979 12357 1751 5942 4982 10352 10764 2983 1132
9084
2132 2509 3392 6410 6792 7173 7550 7926 8306 8696 9085 11182 11604 11980 12358 1752 5943 10765 4983 10353 2984 1133
4984
4985
4986
4987
4988
4989
4990
4991
4992
4993
4994
4995
4996
4997
2133 2510 3393 6411 7174 7551 7927 8307 8697 9086 11605 11981 12359 6793 10766 1753 11183 5944 4998 2985 10354 1134
1135 11184 10355
1136
1137
1138
1139
1140
1141
1142
1143
1144
1145
1146
1147
1148
1149
1150
1151
1152
1153
1154
1155
1156
1157
1158
1159
1160
1161
1162
1163
1164
1165
1166
1167
1168
1169
1170
1171
1172
1173
1174
1175
1176
1177
1178
1179
1180
1181
1182
1183
1184
1185
1186
1187
1188
1189
1190 11185 10356
1191
1192
1193
1194
1195
1196
1197
1198
1199
1200
1201
1202
1203
1204
1205
1206
1207
1208
1209
1210
1211
1212
1213
1214
1215
1216
1217
2134 2511 3394 6412 7175 7552 7928 8308 8698 9087 11186 11606 11982 12360 6794 10767 1754 2986 5945 4999 10357 1218
2135 2512 3395 6413 6795 7176 7553 7929 8309 8699 9088 11187 11607 11983 12361 10768 1755 2987 5946 10358 5000 1219
5001
2136 2513 3396 6414 6796 7177 7554 7930 8310 8700 9089 11188 11608 11984 12362 1756 10769 2988 5947 10359 5002 1220
2137 2514 3397 6415 6797 7178 7555 7931 8311 8701 9090 11189 11609 11985 12363 1757 10770 2989 5948 10360 5003 1221
2138 2515 3398 6416 6798 7179 7556 7932 8312 8702 9091 11190 11610 11986 12364 1758 10771 2990 5949 10361 5004 1222
1223
1224
1225
1226
1227
1228
1229
1230
1231
1232
1233
1234
1235
1236
1237
1238
1239
1240
1241
2139 2516 3399 6799 7180 7557 7933 8313 8703 9092 11191 11611 11987 12365 6417 10772 1759 2991 5950 10362 5005 1242
1243 5006
1244 5007
1245 5008
2140 2517 3400 6418 6800 7181 7558 7934 8314 8704 9093 11192 11612 11988 12366 1760 10773 2992 5951 10363 5009 1246
5952
2141 2518 3401 6419 6801 7182 7559 7935 8315 8705 9094 11193 11613 11989 12367 1761 10774 5010 2993 5953 10364 1247
2142 2519 3402 6420 6802 7183 7560 7936 8316 8706 9095 11194 11614 11990 12368 1762 10775 5011 2994 5954 10365 1248
5955
5956
5957
2143 2520 3403 6421 6803 7184 7561 7937 8317 8707 9096 11195 11615 11991 12369 1763 5012 10776 2995 5958 1249 10366
2144 2521 3404 6422 6804 7185 7562 7938 8318 8708 9097 11196 11616 11992 12370 1764 5013 10777 2996 5959 1250 10367
2145 2522 3405 6423 6805 7186 7563 7939 8319 8709 9098 11197 11617 11993 12371 1765 5014 10778 2997 5960 1251 10368
6806
2146 2523 3406 6424 6807 7187 7564 7940 8320 8710 9099 11198 11618 11994 12372 1252 5015 1766 10779 2998 5961 10369
2147 2524 3407 6425 6808 7188 7565 7941 8321 8711 9100 11199 11619 11995 12373 1253 5016 1767 10780 2999 5962 10370
2148 2525 3408 6809 7189 7566 7942 8322 8712 9101 11200 11620 11996 12374 1254 1768 5017 10781 6426 3000 5963 10371
2149 2526 3409 6810 7190 7567 7943 8323 8713 9102 11201 11621 11997 12375 1255 1769 5018 10782 6427 3001 5964 10372
2150 2527 3410 6811 7191 7568 7944 8324 8714 9103 11202 11622 11998 12376 1256 6428 10783 1770 5019 3002 5965 10373
2151 2528 3411 6812 7192 7569 7945 8325 8715 9104 11203 11623 11999 12377 1257 6429 10784 1771 5020 3003 5966 10374
2152 2529 3412 6813 7193 7570 7946 8326 8716 9105 11204 11624 12000 12378 1258 6430 10785 1772 5021 3004 5967 10375
3005
3006
2153 2530 3413 6814 7194 7571 7947 8327 8717 9106 11205 11625 12001 12379 1259 6431 10786 1773 5022 3007 10376 5968
2154 2531 3414 6815 7195 7572 7948 8328 8718 9107 11206 11626 12002 12380 1260 6432 10787 1774 5023 3008 10377 5969
2155 2532 3415 6816 7196 7573 7949 8329 8719 9108 11207 11627 12003 12381 6433 1261 1775 5024 10788 3009 10378 5970
10789
2156 2533 3416 6817 7197 7574 7950 8330 8720 9109 11208 11628 12004 12382 6434 1776 5025 3010 10379 1262 5971 10790
1263
1264
1265
1266
1267
1268
1269 5972
2157 2534 3417 6818 7198 7575 7951 8331 8721 9110 11209 11629 12005 12383 6435 1777 5026 3011 10791 10380 5973 1270
5027
5028
5029
5030
5031
5032
5033
5034
5035
5036
5037
5038
5039
2158 2535 3418 6819 7199 7576 7952 8332 8722 9111 11210 11630 12006 12384 6436 1778 5040 3012 10792 10381 5974 1271
2159 2536 3419 6820 7200 7577 7953 8333 8723 9112 11211 11631 12007 12385 6437 1779 5041 3013 10793 10382 5975 1272
2160 2537 3420 6821 7201 7578 7954 8334 8724 9113 11212 11632 12008 12386 6438 1780 5042 3014 10794 10383 5976 1273
10795
2161 2538 3421 6822 7202 7579 7955 8335 8725 9114 11213 11633 12009 12387 6439 10796 1781 5043 3015 5977 10384 1274
3016
3017
3018
2162 2539 3422 6823 7203 7580 7956 8336 8726 9115 11214 11634 12010 12388 6440 10797 1782 5044 3019 1275 5978 10385
2163 2540 3423 6824 7204 7581 7957 8337 8727 9116 11215 11635 12011 12389 6441 10798 1783 5045 3020 1276 5979 10386
10387
2164 2541 3424 6825 7205 7582 7958 8338 8728 9117 11216 11636 12012 12390 6442 10799 1784 5046 3021 1277 5980 10388
2165 2542 3425 6826 7206 7583 7959 8339 8729 9118 11217 11637 12013 12391 1278 6443 5047 1785 10800 3022 5981 10389
2166 2543 3426 6827 7207 7584 7960 8340 8730 9119 11218 11638 12014 12392 1279 6444 5048 1786 10801 3023 5982 10390
2167 2544 3427 6828 7208 7585 7961 8341 8731 9120 11219 11639 12015 12393 1280 6445 5049 1787 10802 3024 5983 10391
2168 2545 3428 6829 7209 7586 7962 8342 8732 9121 11220 11640 12016 12394 6446 10803 5050 1788 1281 3025 5984 10392
2169 2546 3429 6830 7210 7587 7963 8343 8733 9122 11221 11641 12017 12395 6447 10804 5051 1789 1282 3026 10393 5985
5986
5987
5988
5989
5990
5991
5992
5993
5994
5995
5996
3027 5997
5998
5999
6000
6001
6002
6003
6004
6005
6006
6007
6008
6009
6010
6011
2547 3430 6831 7211 7588 7964 8344 8734 9123 11222 12018 12396 2170 11642 6448 10805 5052 1790 3028 1283 6012 10394
2548 3431 6832 7212 7589 7965 8345 8735 9124 11223 12019 12397 2171 11643 6449 10806 5053 1791 3029 1284 6013 10395
8346
8347
2172 2549 3432 6833 7213 7590 7966 8348 8736 9125 11224 12020 12398 6450 10807 1792 5054 3030 11644 6014 1285 10396
1286
1287
1288
1289
10397
10398
10399
10400
2173 2550 3433 6834 7214 7591 7967 8349 8737 9126 11225 12021 12399 6451 10808 1793 5055 3031 6015 1290 10401 11645
1291
1292
1293
1294
1295
1296
1297
1298
1299
1300
1301
2174 2551 3434 6835 7215 7592 7968 8350 8738 9127 11226 12022 12400 6452 10809 1794 3032 5056 6016 11646 10402 1302
10810
2175 2552 3435 6836 7216 7593 7969 8739 9128 11227 12023 12401 8351 1795 6453 10811 3033 5057 6017 11647 10403 1303
5058
5059
5060
5061
2176 2553 3436 6837 7217 7594 7970 8740 9129 11228 12024 12402 8352 1796 6454 10812 3034 5062 11648 6018 10404 1304
3035
3036
3037
3038
2177 2554 3437 6838 7218 7595 7971 8741 9130 11229 12025 12403 8353 1797 6455 10813 5063 11649 3039 6019 10405 1305
2178 2555 3438 6839 7219 7596 7972 8742 9131 11230 12026 12404 8354 1798 6456 10814 5064 11650 3040 6020 10406 1306
2179 2556 3439 6840 7220 7597 7973 8743 9132 11231 12027 12405 8355 1799 6457 10815 5065 11651 3041 6021 10407 1307
1308
1309
1310
1311
1312
1313
1314
1315
1316
1317
1318
1319
1320
1321
1322
1323
1324
1325
1326
1327
1328
2180 2557 3440 6841 7221 7598 7974 8744 9133 11232 12028 12406 8356 1800 6458 10816 5066 3042 11652 6022 10408 1329
5067
8357
8358
8359
8360
8361
8362
8363
8364
8365
8366
8367
2181 2558 3441 6842 7222 7599 7975 8368 8745 9134 11233 12029 12407 1801 6459 5068 11653 10409 6023 10817 3043 1330
2182 2559 3442 6843 7223 7600 7976 8369 8746 9135 11234 12030 12408 1802 6460 11654 5069 10410 6024 10818 1331 3044
6025 10819 3045 1332 6844 8747 10411
3046 6026 10820 1333 6845 8748 10412 8370
10821
10822
3047 6027 10823 1334 10413 8749
1335
1336
1337
1338
1339
3048 6028 1340 10414
3049 6029 10415
3050 6030 10416
3051 6031
3052 6032
3053 6033
3054 6034
3055 6035
3056 6036
6037
6038
6039
6040
6041
6042
6043
6044
3057 6045
3058 6046
6047
6048
6049
6050
6051
6052
6053
6054
6055
6056
6057
6058
6059
6060
6061
6062
6063
6064
6065
6066
6067
6068
6069 6846 8750 10417
