0 1803 2184 2560 3059 5070 6070 6461 6847 7224 7601 7977 8371 8753 10419 10824 11235 11655 12031
1 1804 2185 2561 3060 5071 6071 6462 6848 7225 7602 7978 8372 11656 12032
1345
1346 9141
1347 9142
1349 9160
1350 9161
1351 9162
1352 9163
1353 9182
1354
1357
1358
1359
1360
1361 9187
1362 9188
1363 9189
1364 9190
1365 9191
3520
8754 10421
5077 8756
10830
10832
10833
3522 10835
3523 10836
3524 10837
3525 10838
3526 10839
1366 3649
1367 9193
1368 9194
1369 9195
1370 9196
1371 9222
1372 9223
1373 9224
1374 9225
1375 9226
1376
1377
1378
1379
1380
9253
9258
9259
9260
9261
1382 9268
6 1383
9285
9286
9291
9292
9293
9298
9299
9310
1384 9311
1385 9312
1386 9313
11 9315
12 9316
13 9317
14 9318
15 9319
17
18
19
34
43
1387 9324
9325
9326
9327
9331
5092 9337
9340
9353
9354
9355
44 9362 10840
45 9363 10841
49
50
51
52
53
54
55
56
57
58
59
60
61
62
63
65
67
68
69
70
71
72
9364
11240
1808 2562 6849 7226 8757 11242 12033
5095 9373 11243
3861 5099 9377 11247
3862 5100 9378 11248
3977
3978
5101 9379 11249
5102 9380 11250
5103 9381 11251
73 9389
74
75
76
77
84
85 11252
91
92
93
94
95
96
97
98
99
100 9395
101 9396
102 9397
9406
9407
9408
9423
9424
9425
9426
9427
9428
9429
9449
9450
9451
9452
9453
9455
9479
9481
9489
9490
111 9496
112 9497
113 9498
114 9499
120 9505
121
122
123
124
125
9510
9514
9515
9516
9517
9518
9519
9520
9521
9527
9528
9536
9537
9538
9539
9540
126 9542
127 9543
128 9544
129 9545
9548
9549
9552
9568
8759 9569
9575
9577
9578
9579
9580
9581
9582
9647
9648
9649
9653
9665
9666
9687
9688
9689
9690
9691
9713
9714
9715
9716
130 9722
131 9723
132 9724
133 9725
134 9726
135 9727
136 9728
141
148 9729
149 9730
171
172
173
174
175
176
177
178
180
181
182
183
184
185
186
187
188
192
193
197
198
199
200
201
202
203
204
205
209
210
213
214
215
216
217
218
220
221
222 4101
223 4102
224 4103
230
231
232
233
234
235
237
239
240
241
242
243
244
245 10844
246
247
248
249
250
251
9733
1389 5105 9762
1390 5106 9763
11253
1391 4105 5107 11254
1392 4106 5108 11255
260 1393 5109 11256
261 1394 5110 11257
1401 9774
1402 9775
1403 9776
1404 9777
1405 9778
1406
1407
1412
1413
1414
1419
1420
1424
4218
4219
4221
4224
4226 10845
9795
9796
9797
9799
9817
9818
9819
9820
9821
9822
9823
9824
9869
9870
9871
9872
9873
9874
9881
9905
9908
9909
9910
9911
9912
10850
10851
10853
4230 10855
1425 10856 11262
4231 9987
277 9988 11264
279 5117 9990 11266
5118
281 1426 1809 2186 2565 3063 4232 5119 6073 6464 6850 7227 7603 7979 8373 9992 10857 11268 11657 12034
282 1429 1810 2187 2566 3064 4233 5120 6074 6465 6851 7228 7604 7980 8374 8761 9993 10422 10858 11269 11658 12035
283 1430 1811 2188 2567 3065 4234 5121 6075 6466 6852 7229 7605 7981 8375 8762 9994 10423 10860 11270 11659 12037
284 1431 1812 2189 2568 3066 4235 5122 6076 6467 6853 7230 7606 7982 8376 8763 9995 10424 10861 11271 11660 12038
285 1432 1813 2190 2569 3068 4236 5125 6077 6468 6854 7231 7607 7983 8377 8764 9996 10425 10862 11272 11661 12039
286 1433 1814 2191 2570 3069 4237 5126 6078 6469 6855 7232 7608 7984 8378 8765 9997 10426 10863 11273 11662 12040
287 1434 1815 2192 2571 3070 4238 5127 6079 6470 6856 7233 7609 7985 8379 8766 9998 10427 10864 11274 11663 12041
288 1435 1816 2193 2572 3071 4239 5128 6080 6471 6857 7234 7610 7986 8380 8767 9999 10428 10865 11275 11664 12042
289 1436 1817 2194 2573 3072 4240 5129 6081 6472 6858 7235 7611 7987 8381 8768 10000 10429 10866 11276 11665 12043
290 1437 1818 2195 2574 3073 4241 5130 6082 6473 6859 7236 7612 7988 8382 8769 10001 10430 10867 11277 11666 12044
291 1438 1819 2196 2575 3074 4242 5131 6083 6474 6860 7237 7613 7989 8383 8770 10002 10431 10868 11278 11667 12045
292 1439 1820 2197 2576 3075 4243 5132 6084 6475 6861 7238 7614 7990 8384 8771 10003 10432 10869 11279 11668 12046
293 1440 1821 2198 2577 3076 4244 5133 6085 6476 6862 7239 7615 7991 8385 8772 10004 10433 10870 11280 11669 12047
294 1441 1822 2199 2578 3077 4245 5134 6086 6477 6863 7240 7616 7992 8386 8773 10005 10434 10871 11281 11670 12048
295 1442 1823 2200 2579 3078 4246 5135 6087 6478 6864 7241 7617 7993 8387 8774 10006 10435 10872 11282 11671 12049
296 1443 1824 2201 2580 3079 4247 5136 6088 6479 6865 7242 7618 7994 8388 8775 10007 10436 10873 11283 11672 12050
297 1444 1825 2202 2581 3080 4248 5137 6089 6480 6866 7243 7619 7995 8389 8776 10008 10437 10874 11284 11673 12051
298 1445 1826 2203 2582 3081 4249 5138 6090 6481 6867 7244 7620 7996 8390 8777 10009 10438 10875 11285 11674 12052
299 1446 1827 2204 2583 3082 4250 5139 6091 6482 6868 7245 7621 7997 8391 8778 10010 10439 10876 11286 11675 12053
300 1447 1828 2205 2584 3083 4251 5140 6092 6483 6869 7246 7622 7998 8392 8779 10011 10440 10877 11287 11676 12054
305 1448 1829 2206 2585 3084 4252 5141 6093 6484 6870 7247 7623 7999 8393 8780 10014 10441 10878 11288 11677 12055
306 1449 1830 2207 2586 3085 4253 5142 6094 6485 6871 7248 7624 8000 8394 8781 10015 10442 10879 11289 11678 12056
307 1450 1831 2208 2587 3086 4254 5143 6095 6487 6872 7249 7625 8001 8395 8782 10016 10443 10880 11290 11679 12057
308 1451 1832 2209 2588 3087 4255 5144 6096 6488 6873 7250 7626 8002 8396 8783 10017 10444 10881 11291 11680 12058
309 1452 1833 2210 2589 3088 4256 5178 6097 6489 6874 7251 7627 8003 8397 8784 10018 10445 10882 11292 11681 12059
310 1453 1834 2211 2590 3089 4257 5179 6098 6490 6875 7252 7628 8004 8398 8785 10019 10446 10883 11293 11682 12060
314 1454 1835 2212 2591 3090 4258 5180 6099 6491 6876 7253 7629 8005 8399 8786 10020 10447 10884 11294 11683 12061
315 1455 1836 2213 2593 3091 4259 5182 6100 6492 6877 7254 7630 8006 8400 8787 10021 10448 10885 11295 11684 12062
316 1456 1837 2214 2594 3092 4260 5183 6101 6493 6878 7255 7631 8007 8401 8788 10022 10449 10886 11296 11685 12063
317 1457 1838 2215 2595 3093 4261 5184 6102 6494 6879 7256 7632 8008 8402 8789 10023 10450 10887 11297 11686 12064
318 1458 1839 2216 2596 3094 4262 5185 6103 6495 6880 7257 7633 8009 8403 8790 10024 10451 10888 11298 11687 12065
319 1459 1840 2217 2597 3095 4263 5186 6104 6496 6881 7258 7634 8010 8404 8791 10025 10452 10889 11299 11688 12066
320 1460 1841 2218 2598 3096 4264 5187 6105 6497 6882 7259 7635 8011 8405 8792 10026 10453 10890 11300 11689 12067
321 1461 1842 2219 2599 3097 4265 5188 6106 6498 6883 7260 7636 8012 8406 8793 10027 10454 10891 11301 11690 12068
322 1462 1843 2220 2600 3098 4266 5189 6107 6499 6884 7261 7637 8013 8407 8794 10028 10455 10892 11302 11691 12069
323 1463 1844 2221 2601 3099 4267 5190 6108 6500 6885 7262 7638 8014 8408 8795 10029 10456 10893 11303 11692 12070
347 1464 1845 2222 2602 3100 4268 5191 6109 6501 6886 7263 7639 8015 8409 8796 10030 10457 10894 11304 11693 12071
10458
10459
349 1465 1846 2223 2603 3101 4269 5192 6110 6502 6887 7264 7640 8016 8410 8797 10031 10460 10895 11305 11694 12072
350 1466 1847 2224 2604 3102 4270 5193 6111 6503 6888 7265 7641 8017 8411 8798 10032 10461 10896 11306 11695 12073
367
368
1467 1848 2225 2606 3103 4272 5194 6112 6504 6889 7266 7642 8018 8412 8799 10033 10462 10897 11307 11696 12074
387 1468 1849 2226 2607 3104 4273 5195 6113 6505 6890 7267 7643 8019 8413 8800 10035 10463 10898 11308 11697 12075
2632
388 1469 1850 2227 2656 3105 4274 5196 6114 6506 6891 7268 7644 8020 8414 8801 10036 10469 10899 11309 11698 12076
5197
5198
5199
389 1470 1851 2228 2657 3106 4284 5202 6115 6507 6892 7269 7645 8025 8415 8802 10037 10470 10900 11310 11699 12077
4298
390 1471 1852 2229 2658 3107 4301 5203 6116 6508 6893 7270 7646 8026 8416 8803 10038 10471 10901 11311 11700 12078
392 1472 1853 2230 2659 3109 4303 5211 6117 6509 6894 7271 7647 8027 8417 8804 10039 10473 10902 11312 11701 12079
393 1473 1854 2231 2660 3110 4304 5212 6118 6510 6895 7272 7648 8028 8418 8805 10040 10474 10903 11313 11702 12080
442
450 1474 1855 2232 2661 3111 4305 6119 6511 6896 7273 7649 8029 8419 8806 10041 10475 10904 11314 11703 12081
451 1475 1856 2233 2662 3112 4306 6120 6512 6897 7274 7650 8030 8420 8807 10042 10476 10905 11315 11704 12082
452 1476 1857 2234 2663 3113 4307 6121 6513 6898 7275 7651 8031 8421 8808 10043 10477 10906 11316 11705 12083
453 1477 1858 2235 2664 3114 4308 5216 6122 6514 6899 7276 7652 8032 8422 8809 10044 10478 10907 11317 11706 12084
454 1478 1859 2236 2665 3115 4309 5217 6123 6515 6900 7277 7653 8033 8423 8810 10045 10479 10908 11318 11707 12085
455 1479 1860 2237 2666 3116 4310 5218 6124 6516 6901 7278 7654 8034 8424 8811 10046 10480 10909 11319 11708 12086
456 1480 1861 2238 2667 3117 4311 5219 6125 6517 6902 7279 7655 8035 8425 8812 10047 10481 10910 11320 11709 12087
457 1481 1862 2239 2668 3118 4312 5220 6126 6518 6903 7280 7656 8036 8426 8813 10048 10482 10911 11321 11710 12088
458 1482 1863 2240 2669 3119 4313 5223 6127 6519 6904 7281 7657 8037 8427 8814 10049 10483 10912 11322 11711 12089
459 1483 1864 2241 2670 3120 4314 5224 6128 6520 6905 7282 7658 8038 8428 8815 10050 10484 10913 11323 11712 12090
460 1484 1865 2242 2671 3121 4315 5225 6129 6521 6906 7283 7659 8039 8429 8816 10051 10485 10914 11325 11713 12091
461 1485 1866 2243 2672 3122 4316 5226 6130 6522 6907 7284 7660 8040 8430 8817 10052 10486 10915 11326 11714 12092
462 1486 1867 2244 2673 3123 4318 5227 6131 6524 6908 7285 7661 8041 8431 8818 10053 10487 10916 11327 11715 12093
463 1487 1868 2245 2674 3124 4319 5228 6132 6525 6909 7286 7662 8042 8432 8819 10054 10488 10917 11328 11716 12094
464 1488 1869 2246 2678 3125 4326 5234 6133 6526 6910 7287 7663 8043 8433 8820 10055 10489 10918 11329 11717 12095
469 1489 1870 2247 2679 3126 4327 5235 6134 6527 6911 7288 7664 8044 8434 8821 10064 10490 10919 11330 11718 12096
470 1490 1871 2248 2680 3127 4328 5236 6135 6528 6912 7289 7665 8045 8435 8822 10065 10491 10920 11331 11719 12097
471 1491 1872 2249 2681 3128 4329 5237 6136 6529 6913 7290 7666 8046 8436 8823 10066 10492 10921 11332 11720 12098
472 1492 1873 2250 2682 3129 4330 5238 6137 6530 6914 7291 7667 8047 8437 8824 10067 10493 10922 11333 11721 12099
473 1493 1874 2251 2683 3130 4331 5239 6138 6531 6915 7292 7668 8048 8438 8825 10068 10494 10923 11334 11722 12100
474 1494 1875 2252 2684 3131 4332 5240 6139 6532 6916 7293 7669 8049 8439 8826 10069 10495 10924 11335 11723 12101
475 1495 1876 2253 2685 3132 4333 5241 6140 6533 6917 7294 7670 8050 8440 8827 10070 10496 10925 11336 11724 12102
476 1496 1877 2254 2686 3133 4334 5242 6141 6534 6918 7295 7671 8051 8441 8828 10071 10497 10926 11337 11725 12103
477 1497 1878 2255 2687 3134 4335 5243 6142 6535 6919 7296 7672 8052 8442 8829 10072 10498 10927 11338 11726 12104
478 1498 1879 2256 2688 3135 4344 5244 6143 6536 6920 7297 7673 8053 8443 8830 10073 10499 10928 11339 11727 12105
479
481 1499 1880 2257 2689 3136 4345 5245 6144 6537 6921 7298 7674 8054 8444 8831 10074 10500 10929 11340 11728 12106
482 1500 1881 2258 2690 3137 4346 5248 6145 6538 6922 7299 7675 8055 8445 8832 10075 10501 10930 11341 11729 12107
483 1501 1882 2259 2691 3138 4347 5249 6146 6539 6923 7300 7676 8056 8446 8833 10076 10502 10931 11342 11730 12108
484 1502 1883 2260 2692 3139 4348 5250 6147 6540 6924 7301 7677 8057 8447 8834 10077 10503 10932 11343 11731 12109
485 1503 1884 2261 2693 3140 4349 5251 6148 6541 6925 7302 7678 8058 8448 8835 10078 10504 10933 11344 11732 12110
486 1504 1885 2262 2694 3141 4350 5252 6149 6542 6926 7303 7679 8059 8449 8836 10079 10505 10934 11345 11733 12111
487 1505 1886 2263 2695 3142 4351 5253 6150 6543 6927 7304 7680 8060 8450 8837 10080 10506 10935 11346 11734 12112
502 1506 1887 2264 2696 3143 4352 5254 6151 6544 6928 7305 7681 8061 8451 8838 10081 10507 10936 11347 11735 12113
503 1507 1888 2265 2697 3144 4353 5255 6152 6545 6929 7306 7682 8062 8452 8839 10082 10508 10937 11348 11736 12114
504 1508 1889 2266 2698 3145 4354 5256 6153 6546 6930 7307 7683 8063 8453 8840 10083 10509 10938 11349 11737 12115
505 1509 1890 2267 2699 3146 4355 5257 6154 6547 6931 7308 7684 8064 8454 8841 10084 10510 10939 11350 11738 12116
506 1510 1891 2268 2700 3147 4356 5258 6155 6548 6932 7309 7685 8065 8455 8842 10085 10511 10940 11351 11739 12117
507 1511 1892 2269 2701 3148 4357 5259 6156 6549 6933 7310 7686 8066 8456 8843 10086 10512 10941 11352 11740 12118
508 1512 1893 2270 2702 3149 4358 5260 6157 6550 6934 7311 7687 8067 8457 8844 10087 10513 10942 11353 11741 12119
509 1513 1894 2271 2703 3150 4359 5261 6158 6551 6935 7312 7688 8068 8458 8845 10088 10514 10943 11354 11742 12120
510 1514 1895 2272 2704 3151 4360 5262 6159 6552 6936 7313 7689 8069 8459 8846 10089 10515 10944 11355 11743 12121
511 1515 1896 2273 2705 3152 4361 5263 6160 6553 6937 7314 7690 8070 8460 8847 10090 10516 10945 11356 11744 12122
512 1516 1897 2274 2706 3153 4362 5264 6161 6554 6938 7315 7691 8071 8461 8848 10091 10517 10946 11357 11745 12123
513 1517 1898 2275 2707 3154 4363 5265 6162 6555 6939 7316 7692 8072 8462 8849 10092 10518 10947 11358 11746 12124
514 1518 1899 2276 2708 3155 4364 6163 6556 6940 7317 7693 8073 8463 8850 10093 10520 10948 11360 11747 12125
516 1519 1900 2277 2709 3156 4365 5266 6164 6557 6941 7318 7694 8074 8464 8851 10094 10521 10949 11361 11748 12126
517 1520 1901 2278 2710 3157 4493 5267 6165 6558 6942 7319 7695 8075 8465 8852 10095 10522 10950 11362 11749 12127
5271
518 1521 1902 2279 2711 3158 4494 5272 6166 6559 6943 7320 7696 8076 8466 8853 10096 10523 10951 11363 11750 12128
519 1522 1903 2280 2712 3159 4495 5273 6167 6560 6944 7321 7697 8077 8467 8854 10097 10524 10952 11364 11751 12129
520 1523 1904 2281 2713 3160 4496 5278 6168 6561 6945 7322 7698 8078 8468 8855 10098 10526 10953 11366 11752 12130
521 1524 1905 2282 2714 3161 4497 5279 6169 6562 6946 7323 7699 8079 8469 8856 10099 10527 10954 11367 11753 12131
522 1525 1906 2283 2715 3162 4498 5280 6170 6563 6947 7324 7700 8080 8470 8857 10100 10528 10955 11368 11754 12132
527 4529
528 4530
534 1526 1907 2284 2716 3163 4536 5281 6171 6564 6948 7325 7701 8081 8471 8858 10101 10529 10956 11369 11755 12133
535 1527 1908 2285 2717 3164 4537 5282 6172 6565 6949 7326 7702 8082 8472 8859 10102 10530 10957 11370 11756 12134
536 1528 1909 2286 2718 3165 4538 5283 6173 6566 6950 7327 7703 8083 8473 8860 10103 10531 10958 11371 11757 12135
537 1529 1910 2287 2719 3166 4539 5284 6174 6567 6951 7328 7704 8084 8474 8861 10104 10532 10959 11372 11758 12136
538 1530 1911 2288 2720 3167 4540 5285 6175 6568 6952 7329 7705 8085 8475 8862 10105 10533 10960 11373 11759 12137
539 1531 1912 2289 2721 3168 4541 5286 6176 6569 6953 7330 7706 8086 8476 8863 10106 10534 10961 11374 11760 12138
540 1532 1913 2290 2722 3169 4542 5287 6177 6570 6954 7331 7707 8087 8477 8864 10107 10535 10962 11375 11761 12139
541 1533 1914 2291 2723 3170 4543 5288 6178 6571 6955 7332 7708 8088 8478 8865 10108 10536 10963 11376 11762 12140
542 1534 1915 2292 2724 3171 4544 5289 6179 6572 6956 7333 7709 8089 8479 8866 10109 10537 10964 11377 11763 12141
543 1535 1916 2293 2725 3172 4545 5290 6180 6573 6957 7334 7710 8090 8480 8867 10116 10538 10965 11378 11764 12142
548 1536 1917 2294 2726 3173 4546 5291 6181 6574 6958 7335 7711 8091 8481 8868 10117 10539 10966 11379 11765 12143
549 1537 1918 2295 2727 3174 4547 5292 6182 6575 6959 7336 7712 8092 8482 8869 10118 10540 10967 11380 11766 12144
550 1538 1919 2296 2728 3175 4548 5293 6183 6576 6960 7337 7713 8093 8483 8870 10119 10541 10968 11381 11767 12145
551 1539 1920 2297 2729 3176 4549 5294 6184 6577 6961 7338 7714 8094 8484 8871 10120 10542 10969 11382 11768 12146
552 1540 1921 2298 2730 3177 4550 5295 6185 6578 6962 7339 7715 8095 8485 8872 10121 10543 10970 11383 11769 12147
553 1541 1922 2299 2731 3178 4551 5296 6186 6579 6963 7340 7716 8096 8486 8873 10122 10544 10971 11384 11770 12148
554 1542 1923 2300 2732 3179 4552 5297 6187 6580 6964 7341 7717 8097 8487 8874 10123 10545 10972 11385 11771 12149
555 1543 1924 2301 2733 3180 4553 5298 6188 6581 6965 7342 7718 8098 8488 8875 10124 10546 10973 11386 11772 12150
556 1544 1925 2302 2734 3181 4554 5299 6189 6582 6966 7343 7719 8099 8489 8876 10125 10547 10974 11387 11773 12151
557 1545 1926 2303 2735 3182 4555 5300 6190 6583 6967 7344 7720 8100 8490 8877 10126 10548 10975 11388 11774 12152
558 1546 1927 2304 2736 3183 4556 5301 6191 6584 6968 7345 7721 8101 8491 8878 10127 10549 10976 11389 11775 12153
559 1547 1928 2305 2737 3184 4557 5302 6192 6585 6969 7346 7722 8102 8492 8879 10128 10550 10977 11390 11776 12154
560 1548 1929 2306 2738 3185 4558 5303 6193 6586 6970 7347 7723 8103 8493 8880 10129 10551 10978 11391 11777 12155
561 1549 1930 2307 2739 3186 4559 5304 6194 6587 6971 7348 7724 8104 8494 8881 10130 10552 10979 11392 11778 12156
562 1550 1931 2308 2740 3187 4560 5305 6195 6588 6972 7349 7725 8105 8495 8882 10131 10553 10980 11393 11779 12157
563 1551 1932 2309 2741 3188 4561 5306 6196 6589 6973 7350 7726 8106 8496 8883 10132 10554 10981 11394 11780 12158
564 1552 1933 2310 2742 3189 4562 5307 6197 6590 6974 7351 7727 8107 8497 8884 10136 10555 10982 11395 11781 12159
618 1553 1934 2311 2743 3190 4563 5308 6198 6591 6975 7352 7728 8108 8498 8885 10137 10556 10983 11396 11782 12160
619 1554 1935 2312 2744 3191 4564 5309 6207 6594 6976 7353 7729 8109 8499 8886 10138 10557 10984 11397 11783 12161
620 1555 1936 2313 2745 3192 4565 5310 6208 6595 6977 7354 7730 8110 8500 8887 10139 10558 10985 11398 11784 12162
621 1556 1937 2314 2746 3193 4566 5311 6209 6596 6978 7355 7731 8111 8501 8888 10140 10559 10986 11399 11785 12163
622 1557 1938 2315 2747 3194 4567 5312 6210 6597 6979 7356 7732 8112 8502 8889 10141 10560 10987 11400 11786 12164
623 1558 1939 2316 2748 3195 4568 5313 6211 6598 6980 7357 7733 8113 8503 8890 10142 10561 10988 11401 11787 12165
624 1559 1940 2317 2749 3196 4569 5314 6212 6599 6981 7358 7734 8114 8504 8891 10143 10562 10989 11402 11788 12166
625 1560 1941 2318 2750 3197 4570 5315 6213 6600 6982 7359 7735 8115 8505 8892 10144 10563 10990 11403 11789 12167
626 1561 1942 2319 2751 3198 4571 5316 6214 6601 6983 7360 7736 8116 8506 8893 10145 10564 10991 11404 11790 12168
627 1562 1943 2320 2752 3199 4572 5317 6215 6602 6984 7361 7737 8117 8507 8894 10146 10565 10992 11405 11791 12169
628 1563 1944 2321 2753 3200 4573 5318 6216 6603 6985 7362 7738 8118 8508 8895 10147 10566 10993 11406 11792 12170
629 1564 1945 2322 2754 3201 4574 5319 6217 6604 6986 7363 7739 8119 8509 8896 10148 10567 10994 11407 11793 12171
630 1565 1946 2323 2755 3202 4575 5320 6218 6605 6987 7364 7740 8120 8510 8897 10149 10568 10995 11408 11794 12172
631 1566 1947 2324 2756 3203 4576 5321 6219 6606 6988 7365 7741 8121 8511 8898 10150 10569 10996 11409 11795 12173
632 1567 1948 2325 2757 3204 4577 5322 6220 6607 6989 7366 7742 8122 8512 8899 10151 10570 10997 11410 11796 12174
633 1568 1949 2326 2758 3205 4578 5323 6221 6608 6990 7367 7743 8123 8513 8900 10152 10571 10998 11411 11797 12175
634 1569 1950 2327 2759 3206 4579 5324 6222 6609 6991 7368 7744 8124 8514 8901 10153 10572 10999 11412 11798 12176
635 1570 1951 2328 2760 3207 4580 6223 6610 6992 7369 7745 8125 8515 8902 10154 10573 11000 11413 11799 12177
636 1571 1952 2329 2761 3208 4581 5326 6224 6611 6993 7370 7746 8126 8516 8903 10155 10574 11001 11414 11800 12178
5350
5351
5355
637 1572 1953 2330 2762 3209 4582 5357 6225 6612 6994 7371 7747 8127 8517 8904 10156 10575 11002 11415 11801 12179
638 1573 1954 2331 2763 3210 4583 5358 6226 6613 6995 7372 7748 8128 8518 8905 10157 10576 11003 11416 11802 12180
639 1574 1955 2332 2764 3211 4584 5359 6227 6614 6996 7373 7749 8129 8519 8906 10158 10577 11004 11417 11803 12181
640 2765
2766
2767 5373
2768 5378
2769 5379
2772 5380
2773 5381
2774 5382 6615
641 1575 1956 2333 2775 3212 4585 5383 6228 6616 6997 7374 7750 8130 8520 8907 10159 10578 11005 11418 11804 12182
642 1576 1957 2334 2776 3213 4586 5384 6229 6617 6998 7375 7751 8131 8521 8908 10160 10579 11006 11419 11805 12183
643 1577 1958 2335 2777 3214 4587 5385 6230 6618 6999 7376 7752 8132 8522 8909 10161 10580 11007 11420 11806 12184
644 1578 1959 2336 2778 3215 4588 5386 6231 6619 7000 7377 7753 8133 8523 8910 10162 10581 11008 11421 11807 12185
645 1579 1960 2337 2779 3216 4589 5387 6232 6620 7001 7378 7754 8134 8524 8911 10163 10582 11009 11422 11808 12186
646 1580 1961 2338 2780 3217 4590 5388 6233 6621 7002 7379 7755 8135 8525 8912 10164 10583 11010 11423 11809 12187
647 1581 1962 2339 2781 3218 4591 5389 6234 6622 7003 7380 7756 8136 8526 8913 10165 10584 11011 11424 11810 12188
648 1582 1963 2340 2782 3219 4592 5390 6235 6623 7004 7381 7757 8137 8527 8914 10166 10585 11012 11425 11811 12189
649 1583 1964 2341 2783 3220 4593 5391 6236 6624 7005 7382 7758 8138 8528 8915 10167 10586 11013 11426 11812 12190
650 1584 1965 2342 2784 3221 4594 5392 6237 6625 7006 7383 7759 8139 8529 8916 10168 10587 11014 11427 11813 12191
651 1585 1966 2343 2785 3222 4595 5393 6238 6626 7007 7384 7760 8140 8530 8917 10169 10588 11015 11428 11814 12192
652 1586 1967 2344 2786 3223 4596 5394 6239 6627 7008 7385 7761 8141 8531 8918 10170 10589 11016 11429 11815 12193
675 1587 1968 2345 2787 3224 4597 5395 6240 6628 7009 7386 7762 8142 8532 8919 10171 10590 11017 11430 11816 12194
676 1588 1969 2346 2788 3225 4598 5396 6241 6629 7010 7387 7763 8143 8533 8920 10172 10591 11018 11431 11817 12195
677 1589 1970 2347 2789 3226 4599 5406 6242 6630 7011 7388 7764 8144 8534 8921 10173 10592 11019 11432 11818 12196
678 1590 1971 2348 2790 3227 4600 5407 6243 6631 7012 7389 7765 8145 8535 8922 10174 10593 11020 11433 11819 12197
679 1591 1972 2349 2791 3228 4601 5408 6244 6632 7013 7390 7766 8146 8536 8923 10175 10594 11021 11434 11820 12198
680 1592 1973 2350 2792 3229 4602 5409 6245 6633 7014 7391 7767 8147 8537 8924 10176 10595 11022 11435 11821 12199
681 1593 1974 2351 2794 3230 4603 5410 6246 6634 7015 7392 7768 8148 8538 8925 10177 10596 11023 11436 11822 12200
682 1594 1975 2352 2795 3231 4604 5411 6247 6635 7016 7393 7769 8149 8539 8926 10178 10597 11024 11437 11823 12201
683 1595 1976 2353 2796 3232 4605 5412 6248 6636 7017 7394 7770 8150 8540 8927 10179 10598 11025 11438 11824 12202
684 1596 1977 2354 2797 3233 4606 5413 6249 6637 7018 7395 7771 8151 8541 8928 10180 10599 11026 11439 11825 12203
685 1597 1978 2355 2798 3234 4607 5414 6250 6638 7019 7396 7772 8152 8542 8929 10181 10600 11027 11440 11826 12204
686 1598 1979 2356 2799 3235 4608 5415 6251 6639 7020 7397 7773 8153 8543 8930 10182 10601 11028 11441 11827 12205
687 1599 1980 2357 2800 3236 4609 5416 6252 6640 7021 7398 7774 8154 8544 8931 10183 10602 11029 11442 11828 12206
688 1600 1981 2358 2801 3237 4610 5417 6253 6641 7022 7399 7775 8155 8545 8932 10185 10603 11030 11443 11829 12207
689 1601 1982 2359 2802 3238 4611 5418 6254 6642 7023 7400 7776 8156 8546 8933 10186 10604 11031 11444 11830 12208
690 1602 1983 2360 2803 3239 4612 5419 6255 6643 7024 7401 7777 8157 8547 8934 10187 10605 11032 11445 11831 12209
691 1603 1984 2361 2804 3240 4613 5420 6256 6644 7025 7402 7778 8158 8548 8935 10188 10606 11033 11446 11832 12210
692 1604 1985 2362 2805 3241 4614 5421 6257 6645 7026 7403 7779 8159 8549 8936 10189 10607 11034 11447 11833 12211
693 1605 1986 2363 2806 3242 4615 5422 6258 6646 7027 7404 7780 8160 8550 8937 10190 10608 11035 11448 11834 12212
695 1606 1987 2364 2807 3243 4616 5423 6259 6647 7028 7405 7781 8161 8551 8938 10191 10609 11036 11449 11835 12213
696 1607 1988 2365 2808 3244 4617 5424 6260 6648 7029 7406 7782 8162 8552 8939 10192 10610 11037 11450 11836 12214
697 1608 1989 2366 2809 3245 4618 5425 6261 6649 7030 7407 7783 8163 8553 8940 10193 10611 11038 11451 11837 12215
698 1609 1990 2367 2810 3246 4619 5426 6262 6650 7031 7408 7784 8164 8554 8941 10194 10612 11039 11452 11838 12216
699 1610 1991 2368 2811 3247 4620 5427 6263 6651 7032 7409 7785 8165 8555 8942 10195 10613 11040 11453 11839 12217
700 1611 1992 2369 2812 3248 4621 5428 6264 6652 7033 7410 7786 8166 8556 8943 10196 10614 11041 11454 11840 12218
701 1612 1993 2370 2813 3249 4622 5429 6265 6653 7034 7411 7787 8167 8557 8944 10197 10615 11042 11455 11841 12219
702 1613 1994 2371 2814 3250 4623 5430 6266 6654 7035 7412 7788 8168 8558 8945 10198 10616 11043 11456 11842 12220
703 1614 1995 2372 2815 3251 4624 5431 6267 6655 7036 7413 7789 8169 8559 8946 10199 10617 11044 11457 11843 12221
704 1615 1996 2373 2816 3252 4625 5432 6268 6656 7037 7414 7790 8170 8560 8947 10200 10618 11045 11458 11844 12222
705 1616 1997 2374 2817 3253 4626 5433 6270 6657 7038 7415 7791 8171 8561 8948 10201 10619 11046 11459 11845 12223
706 1617 1998 2375 2818 3254 4627 5434 6271 6658 7039 7416 7792 8172 8562 8949 10202 10620 11047 11460 11846 12224
707 1618 1999 2376 2819 3255 4628 5435 6272 6659 7040 7417 7793 8173 8563 8950 10203 10621 11048 11461 11847 12225
708 1619 2000 2377 2820 3256 4629 5436 6273 6660 7041 7418 7794 8174 8564 8951 10204 10622 11049 11462 11848 12226
709 1620 2001 2378 2821 3257 4632 5437 6274 6661 7042 7419 7795 8175 8565 8952 10205 10623 11050 11463 11849 12227
710 1621 2002 2379 2822 3258 4633 5438 6275 6662 7043 7420 7796 8176 8566 8953 10206 10624 11051 11464 11850 12228
718 1622 2003 2380 2823 3259 4634 5439 6276 6663 7044 7421 7797 8177 8567 8954 10207 10625 11052 11466 11851 12229
719 1623 2004 2381 2824 3260 4635 5440 6277 6664 7045 7422 7798 8178 8568 8955 10208 10626 11053 11467 11852 12230
720 1624 2005 2382 2825 3261 4636 5444 6278 6665 7046 7423 7799 8179 8569 8956 10212 10627 11054 11468 11853 12231
721 1625 2006 2383 2826 3262 4637 5445 6279 6666 7047 7424 7800 8180 8570 8957 10213 10628 11055 11469 11854 12232
725 1626 2007 2384 2827 3263 4638 5446 6280 6667 7048 7425 7801 8181 8571 8958 10214 10629 11056 11470 11855 12233
726 1627 2008 2385 2828 3264 4639 5447 6281 6668 7049 7426 7802 8182 8572 8959 10215 10630 11057 11471 11856 12234
727 1628 2009 2386 2829 3266 4640 6282 6669 7050 7427 7803 8183 8573 8960 10216 10631 11058 11472 11857 12235
728 1629 2010 2387 2830 3267 4641 6283 6670 7051 7428 7804 8184 8574 8961 10217 10632 11059 11473 11858 12236
740 1630 2011 2388 2831 3268 4645 5448 6284 6671 7052 7429 7805 8185 8575 8962 10218 10633 11060 11474 11859 12237
741 1631 2012 2389 2832 3269 4646 5449 6285 6672 7053 7430 7806 8186 8576 8963 10219 10634 11061 11475 11860 12238
742 1632 2013 2390 2833 3270 4647 5450 6286 6673 7054 7431 7807 8187 8577 8964 10220 10635 11062 11476 11861 12239
743 1633 2014 2391 2834 3271 4648 5451 6287 6674 7055 7432 7808 8188 8578 8965 10221 10636 11063 11478 11862 12240
744 1634 2015 2392 2835 3272 4719 5452 6288 6675 7056 7433 7809 8189 8579 8966 10222 10637 11064 11479 11863 12241
745 1635 2016 2393 2836 3275 4720 5453 6289 6676 7057 7434 7810 8190 8580 8967 10223 10638 11065 11480 11864 12242
746 1636 2017 2394 2837 3276 4721 5454 6290 6677 7058 7435 7811 8191 8581 8968 10224 10639 11066 11481 11865 12243
747 1637 2018 2395 2838 3277 4722 5455 6291 6678 7059 7436 7812 8192 8582 8969 10225 10640 11067 11482 11866 12244
748 1638 2019 2396 2839 3278 4723 5456 6292 6679 7060 7437 7813 8193 8583 8970 10226 10641 11068 11483 11867 12245
749 1639 2020 2397 2840 3279 4724 5457 6293 6680 7061 7438 7814 8194 8584 8971 10227 10642 11069 11484 11868 12246
752 1640 2021 2398 2841 3280 4725 5458 6294 6681 7062 7439 7815 8195 8585 8972 10228 10643 11070 11485 11869 12247
753 1641 2022 2399 2842 3281 4726 5459 6295 6682 7063 7440 7816 8196 8586 8973 10229 10644 11071 11486 11870 12248
754 1642 2023 2400 2843 3282 4727 5460 6296 6683 7064 7441 7817 8197 8587 8974 10230 10645 11072 11487 11871 12249
755 1643 2024 2401 2844 3283 4728 5461 6297 6684 7065 7442 7818 8198 8588 8975 10231 10646 11073 11488 11872 12250
756 1644 2025 2402 2845 3284 4729 5462 6298 6685 7066 7443 7819 8199 8589 8976 10232 10647 11074 11489 11873 12251
757 1645 2026 2403 2846 3285 4730 5463 6299 6686 7067 7444 7820 8200 8590 8977 10233 10648 11075 11490 11874 12252
4741
4742
4744
758 1646 2027 2404 2847 3286 4747 5464 6300 6687 7068 7445 7821 8201 8591 8978 10234 10649 11076 11491 11875 12253
759 1647 2028 2405 2848 3287 4748 5465 6301 6688 7069 7446 7822 8202 8592 8979 10235 10650 11077 11492 11876 12254
760 1648 2029 2406 2849 3288 4749 5466 6302 6689 7070 7447 7823 8203 8593 8980 10236 10651 11078 11493 11877 12255
761 1649 2030 2407 2851 3289 4750 5467 6303 6690 7071 7448 7824 8204 8594 8981 10237 10652 11079 11494 11878 12256
762 1650 2031 2408 2852 3290 4751 5468 6304 6691 7072 7449 7825 8205 8595 8982 10238 10653 11080 11495 11879 12257
763 1651 2032 2409 2853 3291 4752 5469 6305 6692 7073 7450 7826 8206 8596 8983 10239 10654 11081 11496 11880 12258
764 1652 2033 2410 2854 3292 4753 5470 6306 6693 7074 7451 7827 8207 8597 8984 10241 10655 11082 11497 11881 12259
765 1653 2034 2411 2855 3293 4754 5471 6307 6694 7075 7452 7828 8208 8598 8985 10242 10656 11083 11498 11882 12260
766 1654 2035 2412 2856 3294 4755 5472 6308 6695 7076 7453 7829 8209 8599 8986 10243 10657 11084 11499 11883 12261
767 1655 2036 2413 2857 3295 4756 5473 6309 6696 7077 7454 7830 8210 8600 8987 10244 10658 11085 11500 11884 12262
770 1656 2037 2414 2858 3296 5474 6310 6697 7078 7455 7831 8211 8601 8988 10245 10659 11086 11501 11885 12263
771 1657 2038 2415 2859 3297 5475 6311 6698 7079 7456 7832 8212 8602 8989 10660 11087 11502 11886 12264
775
776
781
782
783
803
804
805
11507
11508
1658 2039 2416 2860 3298 5476 6312 6699 7080 7457 7833 8213 8603 8990 10661 11088 11510 11887 12265
1659 2040 2417 2867 3299 4757 6313 6700 7081 7458 7834 8214 8604 8991 10246 10662 11089 11511 11888 12266
1661 2041 2418 2868 3300 4758 6314 6701 7082 7459 7835 8215 8605 8992 10247 10663 11090 11512 11889 12267
1662 2042 2419 2869 3301 4759 6315 6702 7083 7460 7836 8216 8606 8993 10248 10664 11091 11513 11890 12268
1663 2043 2420 2870 3302 4760 6316 6703 7084 7461 7837 8217 8607 8994 10249 10665 11092 11514 11891 12269
5500
5523
4765 5544
4767 5545
832 4772
848
854 5570
855 5571
856 5572
857 5573
858 1664 2044 2421 2871 3303 4785 5574 6317 6704 7085 7462 7838 8218 8608 8995 10250 10666 11093 11515 11892 12270
859 1665 2045 2422 2872 3304 4786 5575 6318 6705 7086 7463 7839 8219 8609 8996 10251 10667 11094 11516 11893 12271
860 1666 2046 2423 2873 3305 4787 5576 6319 6706 7087 7464 7840 8220 8610 8997 10252 10668 11095 11517 11894 12272
861 1667 2047 2424 2874 3306 4788 5577 6320 6707 7088 7465 7841 8221 8611 8998 10262 10669 11096 11518 11895 12273
864 1668 2048 2425 2875 3307 4789 5578 6321 6708 7089 7466 7842 8222 8612 8999 10263 10670 11097 11519 11896 12274
1669 2049 2426 2879 3308 4790 5579 6322 6709 7090 7467 7843 8223 8613 9000 10264 10671 11098 11520 11897 12275
1670 2050 2427 2880 3309 4791 5580 6323 6710 7091 7468 7844 8224 8614 9001 10265 10672 11099 11521 11898 12276
1671 2051 2428 2881 3310 4792 5581 6324 6711 7092 7469 7845 8225 8615 9002 10266 10673 11100 11522 11899 12277
1672 2052 2429 2882 3311 4793 5582 6325 6712 7093 7470 7846 8226 8616 9003 10267 10674 11101 11523 11900 12278
5602
872 5743
873 5744
877 5804
878 5805
879 5806
880 5807
881 5808
882 5809
889
890 5810
891 5811
892 5812
893 5813
894 5814
5816
897 5834
902
903
5847
5848
5849
904 1673 2053 2430 2885 3312 4794 5850 6326 6713 7094 7471 7847 8227 8617 9004 10270 10675 11102 11524 11901 12279
905 1674 2054 2431 2886 3313 4795 5851 6327 6714 7095 7472 7848 8228 8618 9005 10271 10676 11103 11525 11902 12280
906 1675 2055 2432 2887 3314 4796 5852 6328 6715 7096 7473 7849 8229 8619 9006 10272 10677 11104 11526 11903 12281
907 1676 2056 2433 2888 3315 4797 5853 6329 6716 7097 7474 7850 8230 8620 9007 10273 10678 11105 11527 11904 12282
908 1677 2057 2434 2889 3316 4798 5854 6330 6717 7098 7475 7851 8231 8621 9008 10274 10679 11106 11528 11905 12283
910
915
958 1678 2058 2435 2890 3317 4802 5855 6331 6718 7099 7476 7852 8232 8622 9009 10275 10680 11107 11529 11906 12284
959 1679 2059 2436 2891 3318 4803 5856 6332 6719 7100 7477 7853 8233 8623 9010 10276 10681 11108 11530 11907 12285
960 1680 2060 2437 2892 3319 4804 5857 6333 6720 7101 7478 7854 8234 8624 9011 10277 10682 11109 11531 11908 12286
961 1681 2061 2438 2893 3320 4805 5858 6334 6721 7102 7479 7855 8235 8625 9012 10278 10683 11110 11532 11909 12287
962 1682 2062 2439 2894 3321 4806 5859 6335 6722 7103 7480 7856 8236 8626 9013 10279 10684 11111 11533 11910 12288
963 1683 2063 2440 2895 3322 4807 5860 6336 6723 7104 7481 7857 8237 8627 9014 10280 10685 11112 11534 11911 12289
964 1684 2064 2441 2896 3323 4808 5861 6337 6724 7105 7482 7858 8238 8628 9015 10281 10686 11113 11535 11912 12290
965 1685 2065 2442 2897 3324 4809 5862 6338 6725 7106 7483 7859 8239 8629 9016 10282 10687 11114 11536 11913 12291
966 1686 2066 2443 2898 3325 4810 5863 6339 6726 7107 7484 7860 8240 8630 9017 10283 10688 11115 11537 11914 12292
967 1687 2067 2444 2899 3326 4811 5864 6340 6727 7108 7485 7861 8241 8631 9018 10284 10689 11116 11538 11915 12293
968 1688 2068 2445 2900 3327 4812 5865 6341 6728 7109 7486 7862 8242 8632 9019 10285 10690 11117 11539 11916 12294
6344
6345
969 1689 2069 2446 2901 3328 4813 5866 6347 6729 7110 7487 7863 8243 8633 9020 10286 10691 11118 11540 11917 12295
970 1690 2070 2447 2902 3329 4814 5867 6348 6730 7111 7488 7864 8244 8634 9021 10287 10692 11119 11541 11918 12296
971 1691 2071 2448 2903 3330 4815 5868 6349 6731 7112 7489 7865 8245 8635 9022 10288 10693 11120 11542 11919 12297
3331
1692 2072 2449 2904 3332 4816 5869 6350 6732 7113 7490 7866 8246 8636 9023 10289 10694 11121 11543 11920 12298
1693 2073 2450 2905 3333 4817 5871 6351 6733 7114 7491 7867 8247 8637 9024 10290 10695 11122 11544 11921 12299
1694 2074 2451 2906 3334 4818 5872 6352 6734 7115 7492 7868 8248 8638 9025 10291 10696 11123 11545 11922 12300
988 1695 2075 2452 2907 3335 4823 5873 6353 6735 7116 7493 7869 8249 8639 9026 10293 10697 11124 11546 11923 12301
4863
4869
4871
4893
4898
989 1696 2076 2453 2908 3336 4902 5874 6354 6736 7117 7494 7870 8250 8640 9027 10294 10698 11125 11547 11924 12302
990 1697 2077 2454 2909 3337 4903 5875 6355 6737 7118 7495 7871 8251 8641 9028 10295 10699 11127 11548 11925 12303
991 1698 2078 2455 2911 3338 4904 5876 6356 6738 7119 7496 7872 8252 8642 9029 10296 10700 11128 11549 11926 12304
992 1699 2079 2456 2912 3339 4905 5877 6357 6739 7120 7497 7873 8253 8643 9030 10297 10701 11129 11551 11927 12305
1004
1008 1700 2080 2457 2913 3340 4906 5878 6358 6740 7121 7498 7874 8254 8644 9031 10298 10702 11130 11552 11928 12306
1009 1701 2081 2458 2914 3341 4907 5879 6359 6741 7122 7499 7875 8255 8645 9032 10299 10703 11131 11553 11929 12307
1010 1702 2082 2459 2915 3342 4908 5880 6360 6742 7123 7500 7876 8256 8646 9033 10300 10704 11132 11554 11930 12308
1011 1703 2083 2460 2916 3343 4909 5881 6361 6743 7124 7501 7877 8257 8647 9034 10301 10705 11133 11555 11931 12309
1012 1704 2084 2461 2917 3344 4910 5882 6362 6744 7125 7502 7878 8258 8648 9035 10302 10706 11134 11556 11932 12310
1013 1705 2085 2462 2918 3345 4911 5883 6363 6745 7126 7503 7879 8259 8649 9036 10303 10707 11135 11557 11933 12311
1014 1706 2086 2463 2919 3346 4912 5884 6364 6746 7127 7504 7880 8260 8650 9037 10304 10708 11136 11558 11934 12312
1015 1707 2087 2464 2920 3347 4913 5885 6365 6747 7128 7505 7881 8261 8651 9038 10305 10709 11137 11559 11935 12313
1016 1708 2088 2465 2924 3348 4914 5886 6366 6748 7129 7506 7882 8262 8652 9039 10306 10710 11138 11560 11936 12314
1017 1709 2089 2466 2925 3349 4915 5887 6367 6749 7130 7507 7883 8263 8653 9040 10307 10711 11139 11561 11937 12315
1018 1710 2090 2467 2926 3350 4916 5894 6368 6750 7131 7508 7884 8264 8654 9041 10308 10712 11140 11562 11938 12316
1019 1711 2091 2468 2927 3351 4917 5895 6369 6751 7132 7509 7885 8265 8655 9042 10309 10713 11141 11563 11939 12317
1020 1712 2092 2469 2928 3352 4918 5896 6370 6752 7133 7510 7886 8266 8656 9043 10310 10714 11142 11564 11940 12318
1021 1713 2093 2470 2929 3353 4919 5897 6371 6753 7134 7511 7887 8267 8657 9044 10314 10715 11143 11565 11941 12319
1026 4924
1027 4925
1028 4926
1029
1030 4927
1031
1059 4928
1060 4929
1061 4930
1088 1714 2094 2471 2930 3354 4942 5898 6372 6754 7135 7512 7888 8268 8658 9045 10315 10716 11144 11566 11942 12320
1089 1715 2095 2472 2931 3355 4943 5899 6373 6755 7136 7513 7889 8269 8659 9046 10316 10717 11145 11567 11943 12321
1090 1716 2096 2473 2932 3356 4944 5907 6374 6756 7137 7514 7890 8270 8660 9047 10317 10718 11146 11568 11944 12322
1091 1717 2097 2474 2933 3357 4945 5908 6375 6757 7138 7515 7891 8271 8661 9048 10318 10719 11147 11569 11945 12323
1092 1718 2098 2475 2934 3358 4946 5909 6376 6758 7139 7516 7892 8272 8662 9049 10319 10720 11148 11570 11946 12324
1093 1719 2099 2476 2935 3359 4947 5910 6377 6759 7140 7517 7893 8273 8663 9050 10320 10721 11149 11571 11947 12325
1094 1720 2100 2477 2936 3360 4948 5911 6378 6760 7141 7518 7894 8274 8664 9051 10321 10722 11150 11572 11948 12326
1095 1721 2101 2478 2937 3361 4949 5912 6379 6761 7142 7519 7895 8275 8665 9052 10322 10723 11151 11573 11949 12327
1096 1722 2102 2479 2938 3362 4950 5913 6380 6762 7143 7520 7896 8276 8666 9053 10323 10724 11152 11574 11950 12328
1097 1723 2103 2480 2939 3363 4951 5914 6381 6763 7144 7521 7897 8277 8667 9054 10324 10725 11153 11575 11951 12329
1098 1724 2104 2481 2940 3364 4952 5915 6382 6764 7145 7522 7898 8278 8668 9055 10325 10726 11154 11576 11952 12330
1099 1725 2105 2482 2941 3365 4953 5916 6383 6765 7146 7523 7899 8279 8669 9056 10326 10727 11155 11577 11953 12331
1100 1726 2106 2483 2942 3366 4954 5917 6384 6766 7147 7524 7900 8280 8670 9057 10327 10728 11156 11578 11954 12332
1101 1727 2107 2484 2943 3367 4955 5918 6385 6767 7148 7525 7901 8281 8671 9058 10328 10729 11157 11579 11955 12333
1102 1728 2108 2485 2944 3368 4956 5919 6386 6768 7149 7526 7902 8282 8672 9059 10329 10730 11158 11580 11956 12334
1103 1729 2109 2486 2945 3369 4957 5920 6387 6769 7150 7527 7903 8283 8673 9060 10330 10731 11159 11581 11957 12335
1104 1730 2110 2487 2946 3370 4958 5921 6388 6770 7151 7528 7904 8284 8674 9061 10331 10732 11160 11582 11958 12336
1105 1731 2111 2488 2947 3371 4959 5922 6389 6771 7152 7529 7905 8285 8675 9062 10332 10733 11161 11583 11959 12337
1106 1732 2112 2489 2948 3372 4960 5923 6390 6772 7153 7530 7906 8286 8676 9063 10333 10734 11162 11584 11960 12338
1107 1733 2113 2490 2949 3373 4961 5924 6391 6773 7154 7531 7907 8287 8677 9064 10334 10735 11163 11585 11961 12339
1108 1734 2114 2491 2950 3374 4962 5925 6392 6774 7155 7532 7908 8288 8678 9065 10335 10736 11164 11586 11962 12340
1109 1735 2115 2492 2951 3375 4963 5926 6393 6775 7156 7533 7909 8289 8679 9067 10336 10737 11165 11587 11963 12341
1110 1736 2116 2493 2952 3376 4964 5927 6394 6776 7157 7534 7910 8290 8680 9068 10337 10738 11166 11588 11964 12342
1111 1737 2117 2494 2953 3377 4965 5928 6395 6777 7158 7535 7911 8291 8681 9069 10338 10739 11167 11589 11965 12343
1112 1738 2118 2495 2954 3378 4966 5929 6396 6778 7159 7536 7912 8292 8682 9070 10339 10740 11168 11590 11966 12344
1113 1739 2119 2496 2955 3379 4967 5930 6397 6779 7160 7537 7913 8293 8683 9071 10340 10741 11169 11591 11967 12345
1114 1740 2120 2497 2956 3380 4968 5931 6398 6780 7161 7538 7914 8294 8684 9072 10341 10742 11170 11592 11968 12346
1115 1741 2121 2498 2957 3381 4969 5932 6399 6781 7162 7539 7915 8295 8685 9073 10342 10743 11171 11593 11969 12347
1116 1742 2122 2499 2958 3382 4970 5933 6400 6782 7163 7540 7916 8296 8686 9074 10343 10744 11172 11594 11970 12348
1117 1743 2123 2500 2959 3383 4971 5934 6401 6783 7164 7541 7917 8297 8687 9075 10344 10745 11173 11595 11971 12349
1118 1744 2124 2501 2960 3384 4972 5935 6402 6784 7165 7542 7918 8298 8688 9076 10345 10746 11174 11596 11972 12350
1119 1745 2125 2502 2961 3385 4973 5936 6403 6785 7166 7543 7919 8299 8689 9077 10346 10747 11175 11597 11973 12351
1120 1746 2126 2503 2962 3386 4974 5937 6404 6786 7167 7544 7920 8300 8690 9078 10347 10748 11176 11598 11974 12352
1121 1747 2127 2504 2963 3387 4975 5938 6405 6787 7168 7545 7921 8301 8691 9079 10348 10749 11177 11599 11975 12353
10755
2970 10756
2971 10757
2972 10758
2974
2978 10759
2979 10760
1122 1748 2128 2505 2980 3388 4979 5939 6406 6788 7169 7546 7922 8302 8692 9080 10349 10761 11178 11600 11976 12354
1130 1749 2129 2506 2981 3389 4980 5940 6407 6789 7170 7547 7923 8303 8693 9081 10350 10762 11179 11601 11977 12355
1131 1750 2130 2507 2982 3390 4981 5941 6408 6790 7171 7548 7924 8304 8694 9082 10351 10763 11180 11602 11978 12356
1132 1751 2131 2508 2983 3391 4982 5942 6409 6791 7172 7549 7925 8305 8695 9083 10352 10764 11181 11603 11979 12357
1133 1752 2132 2509 2984 3392 4983 5943 6410 6792 7173 7550 7926 8306 8696 9085 10353 10765 11182 11604 11980 12358
1134 1753 2133 2510 2985 3393 4998 5944 6411 6793 7174 7551 7927 8307 8697 9086 10354 10766 11183 11605 11981 12359
1135 10355 11184
1157
1158
1160
1175
1208
1218 1754 2134 2511 2986 3394 4999 5945 6412 6794 7175 7552 7928 8308 8698 9087 10357 10767 11186 11606 11982 12360
1219 1755 2135 2512 2987 3395 5000 5946 6413 6795 7176 7553 7929 8309 8699 9088 10358 10768 11187 11607 11983 12361
1220 1756 2136 2513 2988 3396 5002 5947 6414 6796 7177 7554 7930 8310 8700 9089 10359 10769 11188 11608 11984 12362
1221 1757 2137 2514 2989 3397 5003 5948 6415 6797 7178 7555 7931 8311 8701 9090 10360 10770 11189 11609 11985 12363
1222 1758 2138 2515 2990 3398 5004 5949 6416 6798 7179 7556 7932 8312 8702 9091 10361 10771 11190 11610 11986 12364
1242 1759 2139 2516 2991 3399 5005 5950 6417 6799 7180 7557 7933 8313 8703 9092 10362 10772 11191 11611 11987 12365
1246 1760 2140 2517 2992 3400 5009 5951 6418 6800 7181 7558 7934 8314 8704 9093 10363 10773 11192 11612 11988 12366
1247 1761 2141 2518 2993 3401 5010 5953 6419 6801 7182 7559 7935 8315 8705 9094 10364 10774 11193 11613 11989 12367
1248 1762 2142 2519 2994 3402 5011 5954 6420 6802 7183 7560 7936 8316 8706 9095 10365 10775 11194 11614 11990 12368
1249 1763 2143 2520 2995 3403 5012 5958 6421 6803 7184 7561 7937 8317 8707 9096 10366 10776 11195 11615 11991 12369
1250 1764 2144 2521 2996 3404 5013 5959 6422 6804 7185 7562 7938 8318 8708 9097 10367 10777 11196 11616 11992 12370
1251 1765 2145 2522 2997 3405 5014 5960 6423 6805 7186 7563 7939 8319 8709 9098 10368 10778 11197 11617 11993 12371
1252 1766 2146 2523 2998 3406 5015 5961 6424 6807 7187 7564 7940 8320 8710 9099 10369 10779 11198 11618 11994 12372
1253 1767 2147 2524 2999 3407 5016 5962 6425 6808 7188 7565 7941 8321 8711 9100 10370 10780 11199 11619 11995 12373
1254 1768 2148 2525 3000 3408 5017 5963 6426 6809 7189 7566 7942 8322 8712 9101 10371 10781 11200 11620 11996 12374
1255 1769 2149 2526 3001 3409 5018 5964 6427 6810 7190 7567 7943 8323 8713 9102 10372 10782 11201 11621 11997 12375
1256 1770 2150 2527 3002 3410 5019 5965 6428 6811 7191 7568 7944 8324 8714 9103 10373 10783 11202 11622 11998 12376
1257 1771 2151 2528 3003 3411 5020 5966 6429 6812 7192 7569 7945 8325 8715 9104 10374 10784 11203 11623 11999 12377
1258 1772 2152 2529 3004 3412 5021 5967 6430 6813 7193 7570 7946 8326 8716 9105 10375 10785 11204 11624 12000 12378
1259 1773 2153 2530 3007 3413 5022 5968 6431 6814 7194 7571 7947 8327 8717 9106 10376 10786 11205 11625 12001 12379
1260 1774 2154 2531 3008 3414 5023 5969 6432 6815 7195 7572 7948 8328 8718 9107 10377 10787 11206 11626 12002 12380
1261 1775 2155 2532 3009 3415 5024 5970 6433 6816 7196 7573 7949 8329 8719 9108 10378 10788 11207 11627 12003 12381
1262 1776 2156 2533 3010 3416 5025 5971 6434 6817 7197 7574 7950 8330 8720 9109 10379 10790 11208 11628 12004 12382
1270 1777 2157 2534 3011 3417 5026 5973 6435 6818 7198 7575 7951 8331 8721 9110 10380 10791 11209 11629 12005 12383
1271 1778 2158 2535 3012 3418 5040 5974 6436 6819 7199 7576 7952 8332 8722 9111 10381 10792 11210 11630 12006 12384
1272 1779 2159 2536 3013 3419 5041 5975 6437 6820 7200 7577 7953 8333 8723 9112 10382 10793 11211 11631 12007 12385
1273 1780 2160 2537 3014 3420 5042 5976 6438 6821 7201 7578 7954 8334 8724 9113 10383 10794 11212 11632 12008 12386
1274 1781 2161 2538 3015 3421 5043 5977 6439 6822 7202 7579 7955 8335 8725 9114 10384 10796 11213 11633 12009 12387
1275 1782 2162 2539 3019 3422 5044 5978 6440 6823 7203 7580 7956 8336 8726 9115 10385 10797 11214 11634 12010 12388
1276 1783 2163 2540 3020 3423 5045 5979 6441 6824 7204 7581 7957 8337 8727 9116 10386 10798 11215 11635 12011 12389
1277 1784 2164 2541 3021 3424 5046 5980 6442 6825 7205 7582 7958 8338 8728 9117 10388 10799 11216 11636 12012 12390
1278 1785 2165 2542 3022 3425 5047 5981 6443 6826 7206 7583 7959 8339 8729 9118 10389 10800 11217 11637 12013 12391
1279 1786 2166 2543 3023 3426 5048 5982 6444 6827 7207 7584 7960 8340 8730 9119 10390 10801 11218 11638 12014 12392
1280 1787 2167 2544 3024 3427 5049 5983 6445 6828 7208 7585 7961 8341 8731 9120 10391 10802 11219 11639 12015 12393
1281 1788 2168 2545 3025 3428 5050 5984 6446 6829 7209 7586 7962 8342 8732 9121 10392 10803 11220 11640 12016 12394
1282 1789 2169 2546 3026 3429 5051 5985 6447 6830 7210 7587 7963 8343 8733 9122 10393 10804 11221 11641 12017 12395
1283 1790 2170 2547 3028 3430 5052 6012 6448 6831 7211 7588 7964 8344 8734 9123 10394 10805 11222 11642 12018 12396
1284 1791 2171 2548 3029 3431 5053 6013 6449 6832 7212 7589 7965 8345 8735 9124 10395 10806 11223 11643 12019 12397
1285 1792 2172 2549 3030 3432 5054 6014 6450 6833 7213 7590 7966 8348 8736 9125 10396 10807 11224 11644 12020 12398
1290 1793 2173 2550 3031 3433 5055 6015 6451 6834 7214 7591 7967 8349 8737 9126 10401 10808 11225 11645 12021 12399
1302 1794 2174 2551 3032 3434 5056 6016 6452 6835 7215 7592 7968 8350 8738 9127 10402 10809 11226 11646 12022 12400
1303 1795 2175 2552 3033 3435 5057 6017 6453 6836 7216 7593 7969 8351 8739 9128 10403 10811 11227 11647 12023 12401
1304 1796 2176 2553 3034 3436 5062 6018 6454 6837 7217 7594 7970 8352 8740 9129 10404 10812 11228 11648 12024 12402
1305 1797 2177 2554 3039 3437 5063 6019 6455 6838 7218 7595 7971 8353 8741 9130 10405 10813 11229 11649 12025 12403
1306 1798 2178 2555 3040 3438 5064 6020 6456 6839 7219 7596 7972 8354 8742 9131 10406 10814 11230 11650 12026 12404
1307 1799 2179 2556 3041 3439 5065 6021 6457 6840 7220 7597 7973 8355 8743 9132 10407 10815 11231 11651 12027 12405
1323
1329 1800 2180 2557 3042 3440 5066 6022 6458 6841 7221 7598 7974 8356 8744 9133 10408 10816 11232 11652 12028 12406
8360
8362
8363
1330 1801 2181 2558 3043 3441 5068 6023 6459 6842 7222 7599 7975 8368 8745 9134 10409 10817 11233 11653 12029 12407
1331 1802 2182 2559 3044 3442 5069 6024 6460 6843 7223 7600 7976 8369 8746 9135 10410 10818 11234 11654 12030 12408
6025 6844 8747 10819
1333 3046 6026 6845 8370 8748 10412
1334 3047 6027 8749 10413
1335 3048 10414
1340 3049 6029 6846 8750 10415
6049
